543437 1996.4
543438 1721.8
543439 1615.1
543440 1447.56
543441 1321.4
543442 958.791
543466 6184.3
543467 4788.85
543468 3390.89
543469 2663.97
543484 6855.96
543486 4544.18
543514 6351.74
543515 4122.26
543536 5283.98
543639 14671.2
543641 11556
543642 9073.83
543707 1285.39
543708 1362.07
543709 1390.18
543713 1116.42
543714 6.0286
543731 1620.07
543732 1461.41
543733 2257.65
543734 548.125
543735 499.119
543750 11536.4
543754 8205.9
543760 6176.22
543804 2591.61
543818 1884.51
543819 830.748
543820 900.78
543841 15314.5
543842 14293.6
543843 13585.7
543844 12755.3
543845 11889.1
543846 11361.1
543847 10559.3
543849 9554.16
543850 7828.04
543868 24507
543870 18500.4
543872 14307.1
543873 8505.72
543918 28068.6
543921 18461.3
543922 11624.8
543950 17091.5
544013 6278.43
544028 30336.7
544032 23718.5
544033 4957.46
544091 29326.7
544095 25101.8
544098 18005.6
544116 38342
544121 22543.5
544122 16559.5
544123 11629.7
544124 6610.2
544126 51.437
544167 45633.8
544180 45755.2
544184 32927.3
544185 28727.2
544384 41927
544389 26876.1
544390 17959.1
544391 14724.2
544392 12663.5
544418 10200.2
544420 5373.17
544434 4385.37
544451 27927.2
544454 19440.6
544474 29367.4
544475 19438.5
544476 16104.7
544477 13211.6
544490 43111.7
544491 24276.6
544492 15135.7
544508 39628
544510 29528.7
544511 21593.6
544512 18389.5
544513 16239.1
544514 15066
544515 13300.4
544516 12546.1
544518 10720.7
544548 35719.3
544549 23436.8
544550 17113.1
544551 14635.2
544564 38491.3
544565 33405.7
544567 24437.8
544568 16732.9
544580 36080.7
544582 23026.4
544583 16518.6
544585 13440.4
544614 42236.5
544640 35553.3
544652 40277.8
544653 31646.9
544654 15006.8
544672 38724.4
544674 33426.6
544692 26131.2
544693 25113.4
544694 19189.2
544696 15830.5
544739 26772.3
544742 19279.6
544754 25453.7
544767 26876.2
544794 21721.5
544795 13677.5
544797 12167.5
544813 24584.7
544868 13472.2
544886 26306.8
544887 22660.5
544894 12640.4
544896 10571.4
544911 26663
544913 26171.3
544914 22352.7
544917 12814.8
544931 26175.2
544947 26607.6
544961 26193.9
544963 24708.3
544964 17523.6
544968 12355.5
544991 22133.2
544992 10586
545004 27189.4
545008 26154.9
545009 22491.7
545010 16679.4
545041 26188.8
545042 24074.7
545044 17429
545047 12333.2
545060 26370.2
545062 20997
545063 13904.6
545064 10932.6
545066 1141.53
545086 18566.4
545103 25825.8
545117 26002.5
545171 17802
545184 21429.5
545185 6470.35
545210 16462.3
545222 17833.8
545223 8693.16
545246 24033.9
545249 11907.8
545262 18601.6
545289 18980.5
545291 7776.33
545294 6670.27
545295 6195.47
545296 5850.07
545311 20020.1
545312 10553.9
545332 25484
545345 16847.5
545367 20895.1
