# timestamp_ms interaction_rate
1697000347000 2.344178e+04
1697000357000 2.389417e+04
1697000367000 2.383717e+04
1697000377000 2.381454e+04
1697000387000 2.380095e+04
1697000397000 2.376886e+04
1697000407000 2.375615e+04
1697000417000 2.373962e+04
1697000427000 2.372173e+04
1697000437000 2.369625e+04
1697000447000 2.367309e+04
1697000457000 2.366894e+04
1697000467000 2.364003e+04
1697000477000 2.362731e+04
1697000487000 2.359953e+04
1697000497000 2.358616e+04
1697000507000 2.355608e+04
1697000517000 2.354996e+04
1697000527000 2.349800e+04
1697000537000 2.348317e+04
1697000547000 2.347168e+04
1697000557000 2.344451e+04
1697000567000 2.342697e+04
1697000577000 2.341986e+04
1697000587000 2.338807e+04
1697000597000 2.338012e+04
1697000607000 2.335397e+04
1697000617000 2.332257e+04
1697000627000 2.329792e+04
1697000637000 2.329054e+04
1697000647000 2.325450e+04
1697000657000 2.324199e+04
1697000667000 2.321472e+04
1697000677000 2.320671e+04
1697000687000 2.314498e+04
1697000697000 2.314113e+04
1697000707000 2.314876e+04
1697000717000 2.311916e+04
1697000727000 2.308035e+04
1697000737000 2.308014e+04
1697000747000 2.306346e+04
1697000757000 2.304186e+04
1697000767000 2.302716e+04
1697000777000 2.301727e+04
1697000787000 2.299335e+04
1697000797000 2.296829e+04
1697000807000 2.295132e+04
1697000817000 2.294559e+04
1697000827000 2.290593e+04
1697000837000 2.289211e+04
1697000847000 2.288281e+04
1697000857000 2.285982e+04
1697000867000 2.282350e+04
1697000877000 2.282350e+04
1697000887000 2.281342e+04
1697000897000 2.279023e+04
1697000907000 2.277137e+04
1697000917000 2.276301e+04
1697000927000 2.272368e+04
1697000937000 2.269871e+04
1697000947000 2.269743e+04
1697000957000 2.266913e+04
1697000967000 2.265318e+04
1697000977000 2.260170e+04
1697000987000 2.261547e+04
1697000997000 2.258470e+04
1697001007000 2.255045e+04
1697001017000 2.252370e+04
1697001027000 2.251796e+04
1697001037000 2.249621e+04
1697001047000 2.247385e+04
1697001057000 2.245717e+04
1697001067000 2.244320e+04
1697001077000 2.242545e+04
1697001087000 2.242929e+04
1697001097000 2.239704e+04
1697001107000 2.239904e+04
1697001117000 2.237329e+04
1697001127000 2.234871e+04
1697001137000 2.231922e+04
1697001147000 2.231937e+04
1697001157000 2.230843e+04
1697001167000 2.229467e+04
1697001177000 2.227920e+04
1697001187000 2.227724e+04
1697001197000 2.224752e+04
1697001207000 2.223264e+04
1697001217000 2.221366e+04
1697001227000 2.219675e+04
1697001237000 2.218701e+04
1697001247000 2.216477e+04
1697001257000 2.213930e+04
1697001267000 2.214330e+04
1697001277000 2.214012e+04
1697001287000 2.214354e+04
1697001297000 2.211671e+04
1697001307000 2.208427e+04
1697001317000 2.210228e+04
1697001327000 2.208531e+04
1697001337000 2.205306e+04
1697001347000 2.205480e+04
1697001357000 2.204079e+04
1697001367000 2.203234e+04
1697001377000 2.203621e+04
1697001387000 2.200564e+04
1697001397000 2.199767e+04
1697001407000 2.197924e+04
1697001417000 2.197202e+04
1697001427000 2.196647e+04
1697001437000 2.195978e+04
1697001447000 2.194391e+04
1697001457000 2.191945e+04
1697001467000 2.191848e+04
1697001477000 2.191089e+04
1697001487000 2.189029e+04
1697001497000 2.187676e+04
1697001507000 2.188106e+04
1697001517000 2.184937e+04
1697001527000 2.183408e+04
1697001537000 2.181649e+04
1697001547000 2.183841e+04
1697001557000 2.180942e+04
1697001567000 2.179777e+04
1697001577000 2.179268e+04
1697001587000 2.177013e+04
1697001597000 2.172430e+04
1697001607000 2.173917e+04
1697001617000 2.171980e+04
1697001627000 2.172815e+04
1697001637000 2.169175e+04
1697001647000 2.168296e+04
1697001657000 2.168065e+04
1697001667000 2.166227e+04
1697001677000 2.166377e+04
1697001687000 2.164483e+04
1697001697000 2.163266e+04
1697001707000 2.162695e+04
1697001717000 2.161259e+04
1697001727000 2.160579e+04
1697001737000 2.156965e+04
1697001747000 2.156995e+04
1697001757000 2.156442e+04
1697001767000 2.155698e+04
1697001777000 2.153823e+04
1697001787000 2.153301e+04
1697001797000 2.148595e+04
1697001807000 2.149377e+04
1697001817000 2.149416e+04
1697001827000 2.148824e+04
1697001837000 2.146141e+04
1697001847000 2.145561e+04
1697001857000 2.145332e+04
1697001867000 2.144805e+04
1697001877000 2.143502e+04
1697001887000 2.140474e+04
1697001897000 2.141172e+04
1697001907000 2.139580e+04
1697001917000 2.137738e+04
1697001927000 2.136388e+04
1697001937000 2.135039e+04
1697001947000 2.131351e+04
1697001957000 2.134236e+04
1697001967000 2.132278e+04
1697001977000 2.130804e+04
1697001987000 2.129919e+04
1697001997000 2.127103e+04
1697002007000 2.127606e+04
1697002017000 2.125565e+04
1697002027000 2.124239e+04
1697002037000 2.122407e+04
1697002047000 2.121215e+04
1697002057000 2.120102e+04
1697002067000 2.118607e+04
1697002077000 2.118785e+04
1697002087000 2.117655e+04
1697002097000 2.116720e+04
1697002107000 2.115091e+04
1697002117000 2.111986e+04
1697002127000 2.112070e+04
1697002137000 2.111850e+04
1697002147000 2.110210e+04
1697002157000 2.107765e+04
1697002167000 2.107364e+04
1697002177000 2.107020e+04
1697002187000 2.104559e+04
1697002197000 2.104780e+04
1697002207000 2.101949e+04
1697002217000 2.102153e+04
1697002227000 2.100455e+04
1697002237000 2.098175e+04
1697002247000 2.096420e+04
1697002257000 2.095987e+04
1697002267000 2.093966e+04
1697002277000 2.092974e+04
1697002287000 2.092115e+04
1697002297000 2.090450e+04
1697002307000 2.090039e+04
1697002317000 2.088410e+04
1697002327000 2.085820e+04
1697002337000 2.087066e+04
1697002347000 2.085514e+04
1697002357000 2.083853e+04
1697002367000 2.081287e+04
1697002377000 2.079838e+04
1697002387000 2.079274e+04
1697002397000 2.077510e+04
1697002407000 2.076499e+04
1697002417000 2.075806e+04
1697002427000 2.072575e+04
1697002437000 2.071715e+04
1697002447000 2.069833e+04
1697002457000 2.069247e+04
1697002467000 2.067308e+04
1697002477000 2.066682e+04
1697002487000 2.066167e+04
1697002497000 2.064277e+04
1697002507000 2.062548e+04
1697002517000 2.058724e+04
1697002527000 2.059923e+04
1697002537000 2.056854e+04
1697002547000 2.056826e+04
1697002557000 2.057300e+04
1697002567000 2.055938e+04
1697002577000 2.055947e+04
1697002587000 2.052773e+04
1697002597000 2.051084e+04
1697002607000 2.049811e+04
1697002617000 2.048887e+04
1697002627000 2.047372e+04
1697002637000 2.047391e+04
1697002647000 2.044717e+04
1697002657000 2.043318e+04
1697002667000 2.043640e+04
1697002677000 2.042619e+04
1697002687000 2.040518e+04
1697002697000 2.039813e+04
1697002707000 2.038858e+04
1697002717000 2.036142e+04
1697002727000 2.035873e+04
1697002737000 2.034997e+04
1697002747000 2.032950e+04
1697002757000 2.030501e+04
1697002767000 2.029268e+04
1697002777000 2.028183e+04
1697002787000 2.028309e+04
1697002797000 2.026652e+04
1697002807000 2.024332e+04
1697002817000 2.023014e+04
1697002827000 2.024452e+04
1697002837000 2.022241e+04
1697002847000 2.020464e+04
1697002857000 2.018471e+04
1697002867000 2.016618e+04
1697002877000 2.017752e+04
1697002887000 2.016483e+04
1697002897000 2.014798e+04
1697002907000 2.013480e+04
1697002917000 2.011024e+04
1697002927000 2.010767e+04
1697002937000 2.009280e+04
1697002947000 2.011302e+04
1697002957000 2.008266e+04
1697002967000 2.006794e+04
1697002977000 2.005792e+04
1697002987000 2.004400e+04
1697002997000 2.003286e+04
1697003007000 2.002159e+04
1697003017000 2.001075e+04
1697003027000 1.999773e+04
1697003037000 1.997848e+04
1697003047000 1.997339e+04
1697003057000 1.995367e+04
1697003067000 1.995159e+04
1697003077000 1.994529e+04
1697003087000 1.991450e+04
1697003097000 1.991899e+04
1697003107000 1.990668e+04
1697003117000 1.990228e+04
1697003127000 1.987875e+04
1697003137000 1.986585e+04
1697003147000 1.986014e+04
1697003157000 1.983736e+04
1697003167000 1.983660e+04
1697003177000 1.982549e+04
1697003187000 1.981127e+04
1697003197000 1.977896e+04
1697003207000 1.978918e+04
1697003217000 1.978081e+04
1697003227000 1.975652e+04
1697003237000 1.974521e+04
1697003247000 1.972999e+04
1697003257000 1.973284e+04
1697003267000 1.971993e+04
1697003277000 1.969546e+04
1697003287000 1.967050e+04
1697003297000 1.968162e+04
1697003307000 1.967766e+04
1697003317000 1.966083e+04
1697003327000 1.966281e+04
1697003337000 1.963777e+04
1697003347000 1.962805e+04
1697003357000 1.961696e+04
1697003367000 1.961214e+04
1697003377000 1.958585e+04
1697003387000 1.958221e+04
1697003397000 1.956130e+04
1697003407000 1.955283e+04
1697003417000 1.954188e+04
1697003427000 1.952690e+04
1697003437000 1.950426e+04
1697003447000 1.949763e+04
1697003457000 1.948270e+04
1697003467000 1.949297e+04
1697003477000 1.945837e+04
1697003487000 1.943134e+04
1697003497000 1.941908e+04
1697003507000 1.941695e+04
1697003517000 1.938922e+04
1697003527000 1.939198e+04
1697003537000 1.937340e+04
1697003547000 1.936454e+04
1697003557000 1.935708e+04
1697003567000 1.934592e+04
1697003577000 1.931384e+04
1697003587000 1.930018e+04
1697003597000 1.928441e+04
1697003607000 1.926029e+04
1697003617000 1.925927e+04
1697003627000 1.924015e+04
1697003637000 1.922488e+04
1697003647000 1.919571e+04
1697003657000 1.919619e+04
1697003667000 1.917690e+04
1697003677000 1.915356e+04
1697003687000 1.915568e+04
1697003697000 1.914337e+04
1697003707000 1.910092e+04
1697003717000 1.909588e+04
1697003727000 1.906901e+04
1697003737000 1.902957e+04
1697003747000 1.902290e+04
1697003757000 1.900388e+04
1697003767000 1.899532e+04
1697003777000 1.898021e+04
1697003787000 1.897579e+04
1697003797000 1.895235e+04
1697003807000 1.894532e+04
1697003817000 1.891999e+04
1697003827000 1.889216e+04
1697003837000 1.891181e+04
1697003847000 1.887061e+04
1697003857000 1.885522e+04
1697003867000 1.883116e+04
1697003877000 1.882312e+04
1697003887000 1.879494e+04
1697003897000 1.876547e+04
1697003907000 1.875847e+04
1697003917000 1.873579e+04
1697003927000 1.872945e+04
1697003937000 1.871222e+04
1697003947000 1.869539e+04
1697003957000 1.868524e+04
1697003967000 1.866019e+04
1697003977000 1.864722e+04
1697003987000 1.862675e+04
1697003997000 1.862317e+04
1697004007000 1.857008e+04
1697004017000 1.857091e+04
1697004027000 1.855457e+04
1697004037000 1.854661e+04
1697004047000 1.852923e+04
1697004057000 1.852088e+04
1697004067000 1.851896e+04
1697004077000 1.848832e+04
1697004087000 1.847254e+04
1697004097000 1.847430e+04
1697004107000 1.843986e+04
1697004117000 1.841998e+04
1697004127000 1.841874e+04
1697004137000 1.840625e+04
1697004147000 1.837667e+04
1697004157000 1.838582e+04
1697004167000 1.836546e+04
1697004177000 1.835085e+04
1697004187000 1.832781e+04
1697004197000 1.830727e+04
1697004207000 1.829853e+04
1697004217000 1.827385e+04
1697004227000 1.826628e+04
1697004237000 1.827027e+04
1697004247000 1.826121e+04
1697004257000 1.822153e+04
1697004267000 1.822165e+04
1697004277000 1.820322e+04
1697004287000 1.818452e+04
1697004297000 1.818010e+04
1697004307000 1.816909e+04
1697004317000 1.814373e+04
1697004327000 1.811814e+04
1697004337000 1.814008e+04
1697004347000 1.813096e+04
1697004357000 1.810965e+04
1697004367000 1.811161e+04
1697004377000 1.809070e+04
1697004387000 1.806089e+04
1697004397000 1.806574e+04
1697004407000 1.805318e+04
1697004417000 1.804603e+04
1697004427000 1.803636e+04
1697004437000 1.803906e+04
1697004447000 1.802957e+04
1697004457000 1.801239e+04
1697004467000 1.801213e+04
1697004477000 1.799269e+04
1697004487000 1.799807e+04
1697004497000 1.798287e+04
1697004507000 1.798217e+04
1697004517000 1.796876e+04
1697004527000 1.795411e+04
1697004537000 1.794433e+04
1697004547000 1.795280e+04
1697004557000 1.793602e+04
1697004567000 1.793854e+04
1697004577000 1.791901e+04
1697004587000 1.788761e+04
1697004597000 1.787712e+04
1697004607000 1.786938e+04
1697004617000 1.787873e+04
1697004627000 1.787782e+04
1697004637000 1.786565e+04
1697004647000 1.785826e+04
1697004657000 1.783317e+04
1697004667000 1.783387e+04
1697004677000 1.781736e+04
1697004687000 1.782339e+04
1697004697000 1.777748e+04
1697004707000 1.780702e+04
1697004717000 1.780469e+04
1697004727000 1.780147e+04
1697004737000 1.776298e+04
1697004747000 1.778964e+04
1697004757000 1.777361e+04
1697004767000 1.776678e+04
1697004777000 1.773517e+04
1697004787000 1.775079e+04
1697004797000 1.776010e+04
1697004807000 1.775635e+04
1697004817000 1.773537e+04
1697004827000 1.775938e+04
1697004837000 1.775756e+04
1697004847000 1.773758e+04
1697004857000 1.771428e+04
1697004867000 1.770851e+04
1697004877000 1.770982e+04
1697004887000 1.771633e+04
1697004897000 1.767288e+04
1697004907000 1.767931e+04
1697004917000 1.766721e+04
1697004927000 1.766890e+04
1697004937000 1.767054e+04
1697004947000 1.764549e+04
1697004957000 1.762215e+04
1697004967000 1.762619e+04
1697004977000 1.763037e+04
1697004987000 1.759851e+04
1697004997000 1.762337e+04
1697005007000 1.762612e+04
1697005017000 1.760631e+04
1697005027000 1.760573e+04
1697005037000 1.759420e+04
1697005047000 1.758338e+04
1697005057000 1.757079e+04
1697005067000 1.758257e+04
1697005077000 1.756067e+04
1697005087000 1.755339e+04
1697005097000 1.754364e+04
1697005107000 1.752655e+04
1697005117000 1.751599e+04
1697005127000 1.751517e+04
1697005137000 1.749636e+04
1697005147000 1.750771e+04
1697005157000 1.749507e+04
1697005167000 1.748661e+04
1697005177000 1.747119e+04
1697005187000 1.748155e+04
1697005197000 1.746691e+04
1697005207000 1.745616e+04
1697005217000 1.746162e+04
1697005227000 1.744205e+04
1697005237000 1.742875e+04
1697005247000 1.742040e+04
1697005257000 1.740996e+04
1697005267000 1.740676e+04
1697005277000 1.739051e+04
1697005287000 1.737123e+04
1697005297000 1.739841e+04
1697005307000 1.736566e+04
1697005317000 1.736952e+04
1697005327000 1.736436e+04
1697005337000 1.736144e+04
1697005347000 1.735193e+04
1697005357000 1.733202e+04
1697005367000 1.732269e+04
1697005377000 1.732442e+04
1697005387000 1.730798e+04
1697005397000 1.729169e+04
1697005407000 1.726887e+04
1697005417000 1.727887e+04
1697005427000 1.728426e+04
1697005437000 1.727980e+04
1697005447000 1.725311e+04
1697005457000 1.726118e+04
1697005467000 1.723194e+04
1697005477000 1.722608e+04
1697005487000 1.722676e+04
1697005497000 1.722429e+04
1697005507000 1.721154e+04
1697005517000 1.721089e+04
1697005527000 1.721089e+04
1697005537000 1.719669e+04
1697005547000 1.719074e+04
1697005557000 1.716956e+04
1697005567000 1.716333e+04
1697005577000 1.716285e+04
1697005587000 1.716461e+04
1697005597000 1.714592e+04
1697005607000 1.712359e+04
1697005617000 1.711586e+04
1697005627000 1.710735e+04
1697005637000 1.710874e+04
1697005647000 1.709980e+04
1697005657000 1.706966e+04
1697005667000 1.708453e+04
1697005677000 1.706401e+04
1697005687000 1.705872e+04
1697005697000 1.705961e+04
1697005707000 1.703944e+04
1697005717000 1.703192e+04
1697005727000 1.702449e+04
1697005737000 1.703765e+04
1697005747000 1.699944e+04
1697005757000 1.699534e+04
1697005767000 1.699029e+04
1697005777000 1.698230e+04
1697005787000 1.695703e+04
1697005797000 1.696422e+04
1697005807000 1.695370e+04
1697005817000 1.692193e+04
1697005827000 1.692376e+04
1697005837000 1.692968e+04
1697005847000 1.691456e+04
1697005857000 1.689386e+04
1697005867000 1.689275e+04
1697005877000 1.689065e+04
1697005887000 1.687586e+04
1697005897000 1.688290e+04
1697005907000 1.686306e+04
1697005917000 1.686144e+04
1697005927000 1.685035e+04
1697005937000 1.681953e+04
1697005947000 1.683115e+04
1697005957000 1.682997e+04
1697005967000 1.679713e+04
1697005977000 1.678400e+04
1697005987000 1.679081e+04
1697005997000 1.677628e+04
1697006007000 1.676385e+04
1697006017000 1.675442e+04
1697006027000 1.673565e+04
1697006037000 1.675005e+04
1697006047000 1.672649e+04
1697006057000 1.672542e+04
1697006067000 1.671807e+04
1697006077000 1.671296e+04
1697006087000 1.670503e+04
1697006097000 1.668286e+04
1697006107000 1.666975e+04
1697006117000 1.667819e+04
1697006127000 1.664908e+04
1697006137000 1.665732e+04
1697006147000 1.663655e+04
1697006157000 1.664368e+04
1697006167000 1.662746e+04
1697006177000 1.660591e+04
1697006187000 1.659792e+04
1697006197000 1.659553e+04
1697006207000 1.658869e+04
1697006217000 1.659161e+04
1697006227000 1.657138e+04
1697006237000 1.656701e+04
1697006247000 1.654352e+04
1697006257000 1.653616e+04
1697006267000 1.653512e+04
1697006277000 1.651694e+04
1697006287000 1.652731e+04
1697006297000 1.518515e+03
