# timestamp_ms interaction_rate
1697142788000 1.639652e+04
1697142798000 1.651850e+04
1697142808000 1.650853e+04
1697142818000 1.648688e+04
1697142828000 1.647781e+04
1697142838000 1.646029e+04
1697142848000 1.646408e+04
1697142858000 1.643390e+04
1697142868000 1.641902e+04
1697142878000 1.642280e+04
1697142888000 1.639866e+04
1697142898000 1.638326e+04
1697142908000 1.636450e+04
1697142918000 1.633418e+04
1697142928000 1.633803e+04
1697142938000 1.631958e+04
1697142948000 1.631474e+04
1697142958000 1.629215e+04
1697142968000 1.628787e+04
1697142978000 1.626415e+04
1697142988000 1.625734e+04
1697142998000 1.624027e+04
1697143008000 1.624236e+04
1697143018000 1.621756e+04
1697143028000 1.619615e+04
1697143038000 1.617536e+04
1697143048000 1.616807e+04
1697143058000 1.616601e+04
1697143068000 1.615081e+04
1697143078000 1.615436e+04
1697143088000 1.612369e+04
1697143098000 1.609866e+04
1697143108000 1.609496e+04
1697143118000 1.608987e+04
1697143128000 1.608446e+04
1697143138000 1.605485e+04
1697143148000 1.605231e+04
1697143158000 1.603028e+04
1697143168000 1.601905e+04
1697143178000 1.601991e+04
1697143188000 1.601652e+04
1697143198000 1.599070e+04
1697143208000 1.598210e+04
1697143218000 1.598019e+04
1697143228000 1.594153e+04
1697143238000 1.594363e+04
1697143248000 1.591116e+04
1697143258000 1.592741e+04
1697143268000 1.590373e+04
1697143278000 1.590836e+04
1697143288000 1.590211e+04
1697143298000 1.587928e+04
1697143308000 1.587518e+04
1697143318000 1.588006e+04
1697143328000 1.586530e+04
1697143338000 1.585006e+04
1697143348000 1.584863e+04
1697143358000 1.583626e+04
1697143368000 1.581928e+04
1697143378000 1.581357e+04
1697143388000 1.580343e+04
1697143398000 1.579536e+04
1697143408000 1.578942e+04
1697143418000 1.577606e+04
1697143428000 1.577956e+04
1697143438000 1.576668e+04
1697143448000 1.575484e+04
1697143458000 1.574168e+04
1697143468000 1.575297e+04
1697143478000 1.573871e+04
1697143488000 1.572493e+04
1697143498000 1.572705e+04
1697143508000 1.572768e+04
1697143518000 1.571095e+04
1697143528000 1.571528e+04
1697143538000 1.569711e+04
1697143548000 1.568483e+04
1697143558000 1.568308e+04
1697143568000 1.568890e+04
1697143578000 1.567732e+04
1697143588000 1.568237e+04
1697143598000 1.568318e+04
1697143608000 1.567006e+04
1697143618000 1.564938e+04
1697143628000 1.564056e+04
1697143638000 1.564832e+04
1697143648000 1.563256e+04
1697143658000 1.564442e+04
1697143668000 1.563845e+04
1697143678000 1.562782e+04
1697143688000 1.562481e+04
1697143698000 1.562367e+04
1697143708000 1.559988e+04
1697143718000 1.560201e+04
1697143728000 1.559854e+04
1697143738000 1.559322e+04
1697143748000 1.557528e+04
1697143758000 1.559101e+04
1697143768000 1.558161e+04
1697143778000 1.558539e+04
1697143788000 1.555806e+04
1697143798000 1.556134e+04
1697143808000 1.555363e+04
1697143818000 1.555142e+04
1697143828000 1.554555e+04
1697143838000 1.552841e+04
1697143848000 1.553658e+04
1697143858000 1.552226e+04
1697143868000 1.550974e+04
1697143878000 1.551993e+04
1697143888000 1.550466e+04
1697143898000 1.549207e+04
1697143908000 1.548598e+04
1697143918000 1.547128e+04
1697143928000 1.547786e+04
1697143938000 1.544976e+04
1697143948000 1.544741e+04
1697143958000 1.544454e+04
1697143968000 1.545068e+04
1697143978000 1.543925e+04
1697143988000 1.542380e+04
1697143998000 1.542479e+04
1697144008000 1.542471e+04
1697144018000 1.541335e+04
1697144028000 1.540089e+04
1697144038000 1.538705e+04
1697144048000 1.539440e+04
1697144058000 1.538302e+04
1697144068000 1.538011e+04
1697144078000 1.537263e+04
1697144088000 1.537096e+04
1697144098000 1.538335e+04
1697144108000 1.536857e+04
1697144118000 1.534734e+04
1697144128000 1.535313e+04
1697144138000 1.534110e+04
1697144148000 1.533314e+04
1697144158000 1.533521e+04
1697144168000 1.533412e+04
1697144178000 1.529914e+04
1697144188000 1.530476e+04
1697144198000 1.530659e+04
1697144208000 1.530391e+04
1697144218000 1.528327e+04
1697144228000 1.529702e+04
1697144238000 1.528175e+04
1697144248000 1.527697e+04
1697144258000 1.527837e+04
1697144268000 1.526078e+04
1697144278000 1.525536e+04
1697144288000 1.524140e+04
1697144298000 1.524921e+04
1697144308000 1.522247e+04
1697144318000 1.522359e+04
1697144328000 1.520183e+04
1697144338000 1.522851e+04
1697144348000 1.521289e+04
1697144358000 1.518774e+04
1697144368000 1.520004e+04
1697144378000 1.518556e+04
1697144388000 1.519374e+04
1697144398000 1.518140e+04
1697144408000 1.517057e+04
1697144418000 1.516663e+04
1697144428000 1.514474e+04
1697144438000 1.513514e+04
1697144448000 1.514913e+04
1697144458000 1.512104e+04
1697144468000 1.513455e+04
1697144478000 1.512649e+04
1697144488000 1.511103e+04
1697144498000 1.511166e+04
1697144508000 1.510169e+04
1697144518000 1.510655e+04
1697144528000 1.509528e+04
1697144538000 1.509152e+04
1697144548000 1.507968e+04
1697144558000 1.507867e+04
1697144568000 1.505732e+04
1697144578000 1.505101e+04
1697144588000 1.506928e+04
1697144598000 1.505921e+04
1697144608000 1.503268e+04
1697144618000 1.503738e+04
1697144628000 1.501560e+04
1697144638000 1.501784e+04
1697144648000 1.500958e+04
1697144658000 1.500830e+04
1697144668000 1.500207e+04
1697144678000 1.499348e+04
1697144688000 1.498491e+04
1697144698000 1.496547e+04
1697144708000 1.495639e+04
1697144718000 1.495038e+04
1697144728000 1.496836e+04
1697144738000 1.495137e+04
1697144748000 1.493987e+04
1697144758000 1.493121e+04
1697144768000 1.491894e+04
1697144778000 1.491323e+04
1697144788000 1.487870e+04
1697144798000 1.489083e+04
1697144808000 1.488518e+04
1697144818000 1.487922e+04
1697144828000 1.488364e+04
1697144838000 1.488992e+04
1697144848000 1.485894e+04
1697144858000 1.485908e+04
1697144868000 1.484328e+04
1697144878000 1.483311e+04
1697144888000 1.482318e+04
1697144898000 1.482939e+04
1697144908000 1.481288e+04
1697144918000 1.480841e+04
1697144928000 1.480579e+04
1697144938000 1.480391e+04
1697144948000 1.478177e+04
1697144958000 1.476808e+04
1697144968000 1.475689e+04
1697144978000 1.476290e+04
1697144988000 1.474886e+04
1697144998000 1.474642e+04
1697145008000 1.473078e+04
1697145018000 1.472719e+04
1697145028000 1.470876e+04
1697145038000 1.470873e+04
1697145048000 1.470639e+04
1697145058000 1.470910e+04
1697145068000 1.468183e+04
1697145078000 1.467945e+04
1697145088000 1.466248e+04
1697145098000 1.466866e+04
1697145108000 1.465316e+04
1697145118000 1.465569e+04
1697145128000 1.465581e+04
1697145138000 1.462548e+04
1697145148000 1.463073e+04
1697145158000 1.461365e+04
1697145168000 1.459028e+04
1697145178000 1.460001e+04
1697145188000 1.459175e+04
1697145198000 1.457382e+04
1697145208000 1.457382e+04
1697145218000 1.455086e+04
1697145228000 1.455140e+04
1697145238000 1.455580e+04
1697145248000 1.454999e+04
1697145258000 1.453944e+04
1697145268000 1.451882e+04
1697145278000 1.451007e+04
1697145288000 1.449703e+04
1697145298000 1.448823e+04
1697145308000 1.449034e+04
1697145318000 1.447598e+04
1697145328000 1.447863e+04
1697145338000 1.446798e+04
1697145348000 1.445440e+04
1697145358000 1.445979e+04
1697145368000 1.444969e+04
1697145378000 1.442997e+04
1697145388000 1.441669e+04
1697145398000 1.440751e+04
1697145408000 1.441483e+04
1697145418000 1.441652e+04
1697145428000 1.440611e+04
1697145438000 1.438602e+04
1697145448000 1.439837e+04
1697145458000 1.439108e+04
1697145468000 1.436931e+04
1697145478000 1.435913e+04
1697145488000 1.434512e+04
1697145498000 1.436142e+04
1697145508000 1.435377e+04
1697145518000 1.434239e+04
1697145528000 1.432837e+04
1697145538000 1.433716e+04
1697145548000 1.434668e+04
1697145558000 1.433036e+04
1697145568000 1.430060e+04
1697145578000 1.429295e+04
1697145588000 1.427129e+04
1697145598000 1.425287e+04
1697145608000 1.426947e+04
1697145618000 1.424094e+04
1697145628000 1.422880e+04
1697145638000 1.421908e+04
1697145648000 1.422401e+04
1697145658000 1.421949e+04
1697145668000 1.419969e+04
1697145678000 1.420902e+04
1697145688000 1.421323e+04
1697145698000 1.421328e+04
1697145708000 1.419100e+04
1697145718000 1.419295e+04
1697145728000 1.418097e+04
1697145738000 1.417460e+04
1697145748000 1.417180e+04
1697145758000 1.416977e+04
1697145768000 1.416189e+04
1697145778000 1.415856e+04
1697145788000 1.415122e+04
1697145798000 1.414246e+04
1697145808000 1.413196e+04
1697145818000 1.412893e+04
1697145828000 1.411043e+04
1697145838000 1.410857e+04
1697145848000 1.409174e+04
1697145858000 1.409708e+04
1697145868000 1.410714e+04
1697145878000 1.409805e+04
1697145888000 1.407996e+04
1697145898000 1.406845e+04
1697145908000 1.405125e+04
1697145918000 1.404312e+04
1697145928000 1.402141e+04
1697145938000 1.402651e+04
1697145948000 1.400948e+04
1697145958000 1.402184e+04
1697145968000 1.400008e+04
1697145978000 1.399288e+04
1697145988000 1.397848e+04
1697145998000 1.399772e+04
1697146008000 1.400308e+04
1697146018000 1.398778e+04
1697146028000 1.398091e+04
1697146038000 1.397079e+04
1697146048000 1.397175e+04
1697146058000 1.395700e+04
1697146068000 1.394429e+04
1697146078000 1.394307e+04
1697146088000 1.393710e+04
1697146098000 1.393727e+04
1697146108000 1.393581e+04
1697146118000 1.391430e+04
1697146128000 1.390568e+04
1697146138000 1.391399e+04
1697146148000 1.391399e+04
1697146158000 1.390122e+04
1697146168000 1.389555e+04
1697146178000 1.388270e+04
1697146188000 1.388553e+04
1697146198000 1.385261e+04
1697146208000 1.385652e+04
1697146218000 1.385722e+04
1697146228000 1.386202e+04
1697146238000 1.385293e+04
1697146248000 1.385413e+04
1697146258000 1.382742e+04
1697146268000 1.381183e+04
1697146278000 1.382812e+04
1697146288000 1.382487e+04
1697146298000 1.379664e+04
1697146308000 1.380290e+04
1697146318000 1.379010e+04
1697146328000 1.378636e+04
1697146338000 1.378271e+04
1697146348000 1.377136e+04
1697146358000 1.376283e+04
1697146368000 1.376104e+04
1697146378000 1.375918e+04
1697146388000 1.376389e+04
1697146398000 1.375601e+04
1697146408000 1.372875e+04
1697146418000 1.373118e+04
1697146428000 1.372452e+04
1697146438000 1.372478e+04
1697146448000 1.371002e+04
1697146458000 1.369609e+04
1697146468000 1.369525e+04
1697146478000 1.369751e+04
1697146488000 1.368129e+04
1697146498000 1.366882e+04
1697146508000 1.368720e+04
1697146518000 1.366731e+04
1697146528000 1.365708e+04
1697146538000 1.364524e+04
1697146548000 1.365372e+04
1697146558000 1.364336e+04
1697146568000 1.363462e+04
1697146578000 1.363388e+04
1697146588000 1.362728e+04
1697146598000 1.364101e+04
1697146608000 1.363122e+04
1697146618000 1.362863e+04
1697146628000 1.359943e+04
1697146638000 1.359397e+04
1697146648000 1.357466e+04
1697146658000 1.357259e+04
1697146668000 1.357414e+04
1697146678000 1.357153e+04
1697146688000 1.357173e+04
1697146698000 1.354702e+04
1697146708000 1.354899e+04
1697146718000 1.353642e+04
1697146728000 1.353235e+04
1697146738000 1.354245e+04
1697146748000 1.353533e+04
1697146758000 1.353006e+04
1697146768000 1.352871e+04
1697146778000 1.349788e+04
1697146788000 1.349301e+04
1697146798000 1.349968e+04
1697146808000 1.349193e+04
1697146818000 1.347887e+04
1697146828000 1.348025e+04
1697146838000 1.346879e+04
1697146848000 1.346786e+04
1697146858000 1.345251e+04
1697146868000 1.345661e+04
1697146878000 1.344996e+04
1697146888000 1.344020e+04
1697146898000 1.341391e+04
1697146908000 2.340717e+03
