# timestamp_ms interaction_rate
1697188411000 1.718096e+04
1697188421000 1.768688e+04
1697188431000 1.767776e+04
1697188441000 1.766477e+04
1697188451000 1.765946e+04
1697188461000 1.765799e+04
1697188471000 1.764092e+04
1697188481000 1.762636e+04
1697188491000 1.763956e+04
1697188501000 1.760716e+04
1697188511000 1.760235e+04
1697188521000 1.759244e+04
1697188531000 1.757203e+04
1697188541000 1.755951e+04
1697188551000 1.757289e+04
1697188561000 1.755656e+04
1697188571000 1.754595e+04
1697188581000 1.754265e+04
1697188591000 1.752429e+04
1697188601000 1.751268e+04
1697188611000 1.749914e+04
1697188621000 1.748372e+04
1697188631000 1.748551e+04
1697188641000 1.748423e+04
1697188651000 1.747837e+04
1697188661000 1.745980e+04
1697188671000 1.744920e+04
1697188681000 1.743866e+04
1697188691000 1.741909e+04
1697188701000 1.741322e+04
1697188711000 1.740967e+04
1697188721000 1.740700e+04
1697188731000 1.739454e+04
1697188741000 1.737743e+04
1697188751000 1.736223e+04
1697188761000 1.735840e+04
1697188771000 1.733360e+04
1697188781000 1.732773e+04
1697188791000 1.732379e+04
1697188801000 1.731432e+04
1697188811000 1.728821e+04
1697188821000 1.728657e+04
1697188831000 1.729398e+04
1697188841000 1.725059e+04
1697188851000 1.726254e+04
1697188861000 1.724519e+04
1697188871000 1.725050e+04
1697188881000 1.723129e+04
1697188891000 1.721224e+04
1697188901000 1.721622e+04
1697188911000 1.720901e+04
1697188921000 1.719814e+04
1697188931000 1.719053e+04
1697188941000 1.716933e+04
1697188951000 1.716796e+04
1697188961000 1.715665e+04
1697188971000 1.713681e+04
1697188981000 1.713802e+04
1697188991000 1.713690e+04
1697189001000 1.711855e+04
1697189011000 1.710744e+04
1697189021000 1.709305e+04
1697189031000 1.707670e+04
1697189041000 1.710047e+04
1697189051000 1.707567e+04
1697189061000 1.706436e+04
1697189071000 1.706462e+04
1697189081000 1.705619e+04
1697189091000 1.702817e+04
1697189101000 1.702424e+04
1697189111000 1.702682e+04
1697189121000 1.699978e+04
1697189131000 1.698991e+04
1697189141000 1.699151e+04
1697189151000 1.698286e+04
1697189161000 1.697139e+04
1697189171000 1.694508e+04
1697189181000 1.694679e+04
1697189191000 1.692793e+04
1697189201000 1.692437e+04
1697189211000 1.691211e+04
1697189221000 1.690626e+04
1697189231000 1.689223e+04
1697189241000 1.691380e+04
1697189251000 1.688576e+04
1697189261000 1.687952e+04
1697189271000 1.686004e+04
1697189281000 1.685938e+04
1697189291000 1.684822e+04
1697189301000 1.684151e+04
1697189311000 1.683487e+04
1697189321000 1.683843e+04
1697189331000 1.681677e+04
1697189341000 1.679946e+04
1697189351000 1.680906e+04
1697189361000 1.677558e+04
1697189371000 1.677323e+04
1697189381000 1.677577e+04
1697189391000 1.675115e+04
1697189401000 1.674383e+04
1697189411000 1.673533e+04
1697189421000 1.674083e+04
1697189431000 1.671288e+04
1697189441000 1.670437e+04
1697189451000 1.670488e+04
1697189461000 1.669602e+04
1697189471000 1.668910e+04
1697189481000 1.668155e+04
1697189491000 1.665787e+04
1697189501000 1.665988e+04
1697189511000 1.664138e+04
1697189521000 1.663591e+04
1697189531000 1.662877e+04
1697189541000 1.661439e+04
1697189551000 1.662414e+04
1697189561000 1.660287e+04
1697189571000 1.660205e+04
1697189581000 1.657850e+04
1697189591000 1.657655e+04
1697189601000 1.656178e+04
1697189611000 1.656384e+04
1697189621000 1.655709e+04
1697189631000 1.654039e+04
1697189641000 1.653802e+04
1697189651000 1.652144e+04
1697189661000 1.651589e+04
1697189671000 1.651780e+04
1697189681000 1.651474e+04
1697189691000 1.649580e+04
1697189701000 1.648415e+04
1697189711000 1.646505e+04
1697189721000 1.645521e+04
1697189731000 1.643902e+04
1697189741000 1.644705e+04
1697189751000 1.644299e+04
1697189761000 1.643094e+04
1697189771000 1.642502e+04
1697189781000 1.639665e+04
1697189791000 1.640629e+04
1697189801000 1.639966e+04
1697189811000 1.636863e+04
1697189821000 1.638616e+04
1697189831000 1.635718e+04
1697189841000 1.634691e+04
1697189851000 1.634221e+04
1697189861000 1.634042e+04
1697189871000 1.634333e+04
1697189881000 1.630699e+04
1697189891000 1.630738e+04
1697189901000 1.629382e+04
1697189911000 1.629661e+04
1697189921000 1.628836e+04
1697189931000 1.628013e+04
1697189941000 1.626662e+04
1697189951000 1.626967e+04
1697189961000 1.624986e+04
1697189971000 1.624527e+04
1697189981000 1.621445e+04
1697189991000 1.623624e+04
1697190001000 1.621243e+04
1697190011000 1.620033e+04
1697190021000 1.620204e+04
1697190031000 1.619655e+04
1697190041000 1.617419e+04
1697190051000 1.617089e+04
1697190061000 1.616245e+04
1697190071000 1.614276e+04
1697190081000 1.613423e+04
1697190091000 1.613418e+04
1697190101000 1.612439e+04
1697190111000 1.612147e+04
1697190121000 1.610970e+04
1697190131000 1.609786e+04
1697190141000 1.609463e+04
1697190151000 1.609353e+04
1697190161000 1.607424e+04
1697190171000 1.608140e+04
1697190181000 1.606451e+04
1697190191000 1.605627e+04
1697190201000 1.602994e+04
1697190211000 1.602229e+04
1697190221000 1.602651e+04
1697190231000 1.602984e+04
1697190241000 1.600461e+04
1697190251000 1.600582e+04
1697190261000 1.597557e+04
1697190271000 1.598410e+04
1697190281000 1.596080e+04
1697190291000 1.595337e+04
1697190301000 1.594396e+04
1697190311000 1.594827e+04
1697190321000 1.591789e+04
1697190331000 1.591472e+04
1697190341000 1.591219e+04
1697190351000 1.590313e+04
1697190361000 1.589829e+04
1697190371000 1.588419e+04
1697190381000 1.587968e+04
1697190391000 1.586352e+04
1697190401000 1.588075e+04
1697190411000 1.586963e+04
1697190421000 1.583837e+04
1697190431000 1.582200e+04
1697190441000 1.582795e+04
1697190451000 1.581476e+04
1697190461000 1.580642e+04
1697190471000 1.578441e+04
1697190481000 1.577967e+04
1697190491000 1.577455e+04
1697190501000 1.577476e+04
1697190511000 1.576713e+04
1697190521000 1.575838e+04
1697190531000 1.574396e+04
1697190541000 1.574603e+04
1697190551000 1.574473e+04
1697190561000 1.571325e+04
1697190571000 1.572957e+04
1697190581000 1.572289e+04
1697190591000 1.569610e+04
1697190601000 1.569778e+04
1697190611000 1.569076e+04
1697190621000 1.568240e+04
1697190631000 1.566278e+04
1697190641000 1.565093e+04
1697190651000 1.565371e+04
1697190661000 1.563942e+04
1697190671000 1.563595e+04
1697190681000 1.563037e+04
1697190691000 1.559897e+04
1697190701000 1.560321e+04
1697190711000 1.559582e+04
1697190721000 1.558628e+04
1697190731000 1.556126e+04
1697190741000 1.556257e+04
1697190751000 1.556522e+04
1697190761000 1.556162e+04
1697190771000 1.553535e+04
1697190781000 1.552740e+04
1697190791000 1.552674e+04
1697190801000 1.551260e+04
1697190811000 1.550584e+04
1697190821000 1.550892e+04
1697190831000 1.550594e+04
1697190841000 1.548597e+04
1697190851000 1.548334e+04
1697190861000 1.546022e+04
1697190871000 1.545392e+04
1697190881000 1.545449e+04
1697190891000 1.542815e+04
1697190901000 1.544677e+04
1697190911000 1.542927e+04
1697190921000 1.540757e+04
1697190931000 1.541734e+04
1697190941000 1.539581e+04
1697190951000 1.538221e+04
1697190961000 1.538853e+04
1697190971000 1.537574e+04
1697190981000 1.534720e+04
1697190991000 1.534613e+04
1697191001000 1.533363e+04
1697191011000 1.532789e+04
1697191021000 1.532247e+04
1697191031000 1.532355e+04
1697191041000 1.531134e+04
1697191051000 1.530371e+04
1697191061000 1.528937e+04
1697191071000 1.524931e+04
1697191081000 1.522680e+04
1697191091000 1.522119e+04
1697191101000 1.521094e+04
1697191111000 1.519454e+04
1697191121000 1.518471e+04
1697191131000 1.518882e+04
1697191141000 1.517573e+04
1697191151000 1.518167e+04
1697191161000 1.517005e+04
1697191171000 1.516493e+04
1697191181000 1.515451e+04
1697191191000 1.516041e+04
1697191201000 1.514182e+04
1697191211000 1.512655e+04
1697191221000 1.513844e+04
1697191231000 1.512616e+04
1697191241000 1.510837e+04
1697191251000 1.511913e+04
1697191261000 1.509264e+04
1697191271000 1.509136e+04
1697191281000 1.509807e+04
1697191291000 1.507887e+04
1697191301000 1.506877e+04
1697191311000 1.506469e+04
1697191321000 1.506790e+04
1697191331000 1.504164e+04
1697191341000 1.504423e+04
1697191351000 1.503058e+04
1697191361000 1.502836e+04
1697191371000 1.501679e+04
1697191381000 1.501354e+04
1697191391000 1.501355e+04
1697191401000 1.499378e+04
1697191411000 1.500034e+04
1697191421000 1.500248e+04
1697191431000 1.498065e+04
1697191441000 1.499212e+04
1697191451000 1.496193e+04
1697191461000 1.497469e+04
1697191471000 1.496616e+04
1697191481000 1.494388e+04
1697191491000 1.493093e+04
1697191501000 1.494590e+04
1697191511000 1.493221e+04
1697191521000 1.491489e+04
1697191531000 1.491137e+04
1697191541000 1.491850e+04
1697191551000 1.491204e+04
1697191561000 1.490243e+04
1697191571000 1.489188e+04
1697191581000 1.488546e+04
1697191591000 1.487395e+04
1697191601000 1.485960e+04
1697191611000 1.486965e+04
1697191621000 1.485783e+04
1697191631000 1.485227e+04
1697191641000 1.485593e+04
1697191651000 1.482873e+04
1697191661000 1.482797e+04
1697191671000 1.482897e+04
1697191681000 1.481005e+04
1697191691000 1.481314e+04
1697191701000 1.478873e+04
1697191711000 1.478248e+04
1697191721000 1.478478e+04
1697191731000 1.476926e+04
1697191741000 1.476487e+04
1697191751000 1.476147e+04
1697191761000 1.474887e+04
1697191771000 1.474708e+04
1697191781000 1.474955e+04
1697191791000 1.474125e+04
1697191801000 1.471444e+04
1697191811000 1.471833e+04
1697191821000 1.472068e+04
1697191831000 1.471397e+04
1697191841000 1.469235e+04
1697191851000 1.469523e+04
1697191861000 1.468715e+04
1697191871000 1.468449e+04
1697191881000 1.467970e+04
1697191891000 1.465932e+04
1697191901000 1.465517e+04
1697191911000 1.466229e+04
1697191921000 1.465018e+04
1697191931000 1.464465e+04
1697191941000 1.462574e+04
1697191951000 1.461816e+04
1697191961000 1.461975e+04
1697191971000 1.461264e+04
1697191981000 1.458910e+04
1697191991000 1.459870e+04
1697192001000 1.459612e+04
1697192011000 1.458578e+04
1697192021000 1.458325e+04
1697192031000 1.457412e+04
1697192041000 1.455886e+04
1697192051000 1.455646e+04
1697192061000 1.455143e+04
1697192071000 1.454045e+04
1697192081000 1.452149e+04
1697192091000 1.453047e+04
1697192101000 1.452204e+04
1697192111000 1.451069e+04
1697192121000 1.449198e+04
1697192131000 1.448854e+04
1697192141000 1.448374e+04
1697192151000 1.448273e+04
1697192161000 1.447549e+04
1697192171000 1.446738e+04
1697192181000 1.445697e+04
1697192191000 1.445588e+04
1697192201000 1.443780e+04
1697192211000 1.443170e+04
1697192221000 1.443382e+04
1697192231000 1.441669e+04
1697192241000 1.441496e+04
1697192251000 1.441033e+04
1697192261000 1.439340e+04
1697192271000 1.438867e+04
1697192281000 1.438317e+04
1697192291000 1.437913e+04
1697192301000 1.437781e+04
1697192311000 1.436221e+04
1697192321000 1.435751e+04
1697192331000 1.436017e+04
1697192341000 1.434835e+04
1697192351000 1.433983e+04
1697192361000 1.433375e+04
1697192371000 1.431900e+04
1697192381000 1.431454e+04
1697192391000 1.419478e+04
1697192398000 1.419478e+04
