# timestamp_ms interaction_rate
1697089491000 3.284474e+04
1697089501000 3.355446e+04
1697089511000 3.361048e+04
1697089521000 3.356850e+04
1697089531000 3.356164e+04
1697089541000 3.351933e+04
1697089551000 3.349907e+04
1697089561000 3.347302e+04
1697089571000 3.343355e+04
1697089581000 3.342270e+04
1697089591000 3.338369e+04
1697089601000 3.337433e+04
1697089611000 3.331418e+04
1697089621000 3.328950e+04
1697089631000 3.328919e+04
1697089641000 3.325926e+04
1697089651000 3.323427e+04
1697089661000 3.319973e+04
1697089671000 3.314380e+04
1697089681000 3.313197e+04
1697089691000 3.309291e+04
1697089701000 3.305449e+04
1697089711000 3.302442e+04
1697089721000 3.300679e+04
1697089731000 3.296366e+04
1697089741000 3.293347e+04
1697089751000 3.288914e+04
1697089761000 3.288142e+04
1697089771000 3.288055e+04
1697089781000 3.285912e+04
1697089791000 3.282593e+04
1697089801000 3.272967e+04
1697089811000 3.273842e+04
1697089821000 3.272940e+04
1697089831000 3.269057e+04
1697089841000 3.268656e+04
1697089851000 3.264467e+04
1697089861000 3.261834e+04
1697089871000 3.260516e+04
1697089881000 3.255400e+04
1697089891000 3.253423e+04
1697089901000 3.251991e+04
1697089911000 3.248489e+04
1697089921000 3.244788e+04
1697089931000 3.244159e+04
1697089941000 3.240923e+04
1697089951000 3.236571e+04
1697089961000 3.234010e+04
1697089971000 3.231309e+04
1697089981000 3.228304e+04
1697089991000 3.226936e+04
1697090001000 3.222973e+04
1697090011000 3.221875e+04
1697090021000 3.214687e+04
1697090031000 3.215025e+04
1697090041000 3.209844e+04
1697090051000 3.206936e+04
1697090061000 3.203423e+04
1697090071000 3.198839e+04
1697090081000 3.203417e+04
1697090091000 3.203110e+04
1697090101000 3.196781e+04
1697090111000 3.194345e+04
1697090121000 3.188124e+04
1697090131000 3.188226e+04
1697090141000 3.185492e+04
1697090151000 3.180906e+04
1697090161000 3.181183e+04
1697090171000 3.178861e+04
1697090181000 3.175711e+04
1697090191000 3.172573e+04
1697090201000 3.170708e+04
1697090211000 3.169624e+04
1697090221000 3.166174e+04
1697090231000 3.161768e+04
1697090241000 3.161435e+04
1697090251000 3.157947e+04
1697090261000 3.155248e+04
1697090271000 3.151131e+04
1697090281000 3.150082e+04
1697090291000 3.146863e+04
1697090301000 3.143063e+04
1697090311000 3.142408e+04
1697090321000 3.137177e+04
1697090331000 3.136706e+04
1697090341000 3.133511e+04
1697090351000 3.129822e+04
1697090361000 3.127646e+04
1697090371000 3.124884e+04
1697090381000 3.118632e+04
1697090391000 3.116108e+04
1697090401000 3.117998e+04
1697090411000 3.120894e+04
1697090421000 3.116147e+04
1697090431000 3.111112e+04
1697090441000 3.106054e+04
1697090451000 3.105690e+04
1697090461000 3.103115e+04
1697090471000 3.101730e+04
1697090481000 3.098708e+04
1697090491000 3.094821e+04
1697090501000 3.094958e+04
1697090511000 3.090879e+04
1697090521000 3.087968e+04
1697090531000 3.087406e+04
1697090541000 3.083936e+04
1697090551000 3.082066e+04
1697090561000 3.075110e+04
1697090571000 3.076040e+04
1697090581000 3.075356e+04
1697090591000 3.073426e+04
1697090601000 3.069949e+04
1697090611000 3.068365e+04
1697090621000 3.066602e+04
1697090631000 3.060738e+04
1697090641000 3.057097e+04
1697090651000 3.054622e+04
1697090661000 3.053327e+04
1697090671000 3.050098e+04
1697090681000 3.048133e+04
1697090691000 3.044297e+04
1697090701000 3.040838e+04
1697090711000 3.043279e+04
1697090721000 3.038679e+04
1697090731000 3.036789e+04
1697090741000 3.035161e+04
1697090751000 3.031586e+04
1697090761000 3.030241e+04
1697090771000 3.025482e+04
1697090781000 3.024431e+04
1697090791000 3.022831e+04
1697090801000 3.021130e+04
1697090811000 3.019544e+04
1697090821000 3.016388e+04
1697090831000 3.015567e+04
1697090841000 3.013858e+04
1697090851000 3.010901e+04
1697090861000 3.008844e+04
1697090871000 3.005724e+04
1697090881000 3.004404e+04
1697090891000 3.001634e+04
1697090901000 2.998702e+04
1697090911000 2.998715e+04
1697090921000 2.993198e+04
1697090931000 2.991915e+04
1697090941000 2.990205e+04
1697090951000 2.989006e+04
1697090961000 2.985704e+04
1697090971000 2.984318e+04
1697090981000 2.978937e+04
1697090991000 2.978190e+04
1697091001000 2.975868e+04
1697091011000 2.973831e+04
1697091021000 2.970970e+04
1697091031000 2.968983e+04
1697091041000 2.967572e+04
1697091051000 2.965015e+04
1697091061000 2.961427e+04
1697091071000 2.961402e+04
1697091081000 2.959288e+04
1697091091000 2.958438e+04
1697091101000 2.955629e+04
1697091111000 2.950752e+04
1697091121000 2.949569e+04
1697091131000 2.947057e+04
1697091141000 2.946918e+04
1697091151000 2.944583e+04
1697091161000 2.941059e+04
1697091171000 2.940322e+04
1697091181000 2.938724e+04
1697091191000 2.935507e+04
1697091201000 2.933468e+04
1697091211000 2.930278e+04
1697091221000 2.928273e+04
1697091231000 2.930275e+04
1697091241000 2.925745e+04
1697091251000 2.923035e+04
1697091261000 2.919951e+04
1697091271000 2.919442e+04
1697091281000 2.915431e+04
1697091291000 2.915700e+04
1697091301000 2.913688e+04
1697091311000 2.911322e+04
1697091321000 2.906240e+04
1697091331000 2.906870e+04
1697091341000 2.904594e+04
1697091351000 2.902161e+04
1697091361000 2.897214e+04
1697091371000 2.896674e+04
1697091381000 2.896727e+04
1697091391000 2.893726e+04
1697091401000 2.892813e+04
1697091411000 2.892446e+04
1697091421000 2.888284e+04
1697091431000 2.886661e+04
1697091441000 2.884685e+04
1697091451000 2.881467e+04
1697091461000 2.878645e+04
1697091471000 2.877596e+04
1697091481000 2.875556e+04
1697091491000 2.875364e+04
1697091501000 2.873156e+04
1697091511000 2.871937e+04
1697091521000 2.868522e+04
1697091531000 2.865818e+04
1697091541000 2.865623e+04
1697091551000 2.863399e+04
1697091561000 2.858273e+04
1697091571000 2.859958e+04
1697091581000 2.853050e+04
1697091591000 2.851782e+04
1697091601000 2.852499e+04
1697091611000 2.849567e+04
1697091621000 2.846751e+04
1697091631000 2.843512e+04
1697091641000 2.842066e+04
1697091651000 2.840121e+04
1697091661000 2.837688e+04
1697091671000 2.835168e+04
1697091681000 2.836149e+04
1697091691000 2.832860e+04
1697091701000 2.830053e+04
1697091711000 2.827146e+04
1697091721000 2.824105e+04
1697091731000 2.822150e+04
1697091741000 2.816240e+04
1697091751000 2.816581e+04
1697091761000 2.816877e+04
1697091771000 2.812696e+04
1697091781000 2.811229e+04
1697091791000 2.808051e+04
1697091801000 2.806324e+04
1697091811000 2.802742e+04
1697091821000 2.800315e+04
1697091831000 2.799075e+04
1697091841000 2.797148e+04
1697091851000 2.794449e+04
1697091861000 2.791324e+04
1697091871000 2.788516e+04
1697091881000 2.787736e+04
1697091891000 2.784533e+04
1697091901000 2.781491e+04
1697091911000 2.780685e+04
1697091921000 2.777538e+04
1697091931000 2.774335e+04
1697091941000 2.771094e+04
1697091951000 2.769031e+04
1697091961000 2.767868e+04
1697091971000 2.764476e+04
1697091981000 2.761194e+04
1697091991000 2.762458e+04
1697092001000 2.756953e+04
1697092011000 2.754980e+04
1697092021000 2.754770e+04
1697092031000 2.750622e+04
1697092041000 2.748679e+04
1697092051000 2.745840e+04
1697092061000 2.740420e+04
1697092071000 2.739966e+04
1697092081000 2.735860e+04
1697092091000 2.734949e+04
1697092101000 2.731209e+04
1697092111000 2.728218e+04
1697092121000 2.725437e+04
1697092131000 2.723997e+04
1697092141000 2.721866e+04
1697092151000 2.720006e+04
1697092161000 2.714018e+04
1697092171000 2.714326e+04
1697092181000 2.710120e+04
1697092191000 2.707493e+04
1697092201000 2.706384e+04
1697092211000 2.705872e+04
1697092221000 2.700980e+04
1697092231000 2.696772e+04
1697092241000 2.695667e+04
1697092251000 2.694180e+04
1697092261000 2.690553e+04
1697092271000 2.687272e+04
1697092281000 2.685998e+04
1697092291000 2.683082e+04
1697092301000 2.677648e+04
1697092311000 2.675955e+04
1697092321000 2.674782e+04
1697092331000 2.671777e+04
1697092341000 2.667955e+04
1697092351000 2.665911e+04
1697092361000 2.665825e+04
1697092371000 2.661041e+04
1697092381000 2.658221e+04
1697092391000 2.655000e+04
1697092401000 2.655421e+04
1697092411000 2.651065e+04
1697092421000 2.648545e+04
1697092431000 2.645485e+04
1697092441000 2.646021e+04
1697092451000 2.638910e+04
1697092461000 2.639492e+04
1697092471000 2.635392e+04
1697092481000 2.635456e+04
1697092491000 2.634035e+04
1697092501000 2.629329e+04
1697092511000 2.628481e+04
1697092521000 2.624859e+04
1697092531000 2.622319e+04
1697092540000 2.528121e+04
