# timestamp_ms interaction_rate
1697424435000 1.692552e+04
1697424445000 1.751042e+04
1697424455000 1.748285e+04
1697424465000 1.747418e+04
1697424475000 1.747013e+04
1697424485000 1.744963e+04
1697424495000 1.744426e+04
1697424505000 1.744457e+04
1697424515000 1.742244e+04
1697424525000 1.741857e+04
1697424535000 1.741747e+04
1697424545000 1.738952e+04
1697424555000 1.737220e+04
1697424565000 1.736727e+04
1697424575000 1.735791e+04
1697424585000 1.734270e+04
1697424595000 1.733117e+04
1697424605000 1.731749e+04
1697424615000 1.729417e+04
1697424625000 1.728565e+04
1697424635000 1.727707e+04
1697424645000 1.727554e+04
1697424655000 1.723027e+04
1697424665000 1.724736e+04
1697424675000 1.722553e+04
1697424685000 1.719777e+04
1697424695000 1.719285e+04
1697424705000 1.719251e+04
1697424715000 1.717233e+04
1697424725000 1.717322e+04
1697424735000 1.715604e+04
1697424745000 1.713552e+04
1697424755000 1.713563e+04
1697424765000 1.712166e+04
1697424775000 1.710109e+04
1697424785000 1.708512e+04
1697424795000 1.706294e+04
1697424805000 1.706920e+04
1697424815000 1.705168e+04
1697424825000 1.704069e+04
1697424835000 1.701136e+04
1697424845000 1.700853e+04
1697424855000 1.700019e+04
1697424865000 1.698615e+04
1697424875000 1.697010e+04
1697424885000 1.696520e+04
1697424895000 1.694396e+04
1697424905000 1.693560e+04
1697424915000 1.691790e+04
1697424925000 1.688876e+04
1697424935000 1.688413e+04
1697424945000 1.687526e+04
1697424955000 1.686299e+04
1697424965000 1.684878e+04
1697424975000 1.684413e+04
1697424985000 1.680953e+04
1697424995000 1.680833e+04
1697425005000 1.681906e+04
1697425015000 1.678778e+04
1697425025000 1.679994e+04
1697425035000 1.676126e+04
1697425045000 1.675839e+04
1697425055000 1.673929e+04
1697425065000 1.673030e+04
1697425075000 1.671450e+04
1697425085000 1.668666e+04
1697425095000 1.669134e+04
1697425105000 1.666092e+04
1697425115000 1.669177e+04
1697425125000 1.667295e+04
1697425135000 1.665092e+04
1697425145000 1.666039e+04
1697425155000 1.662553e+04
1697425165000 1.661694e+04
1697425175000 1.660363e+04
1697425185000 1.660865e+04
1697425195000 1.659524e+04
1697425205000 1.658943e+04
1697425215000 1.658297e+04
1697425225000 1.656995e+04
1697425235000 1.656426e+04
1697425245000 1.655611e+04
1697425255000 1.651989e+04
1697425265000 1.652255e+04
1697425275000 1.652001e+04
1697425285000 1.650112e+04
1697425295000 1.632892e+04
1697425305000 1.376353e+04
1697425315000 1.552172e+04
1697425325000 1.583691e+04
1697425335000 1.426584e+04
1697425345000 1.629577e+04
1697425355000 1.575788e+04
1697425365000 1.557038e+04
1697425375000 1.641307e+04
1697425385000 1.339357e+04
1697425395000 1.476983e+04
1697425405000 1.635886e+04
1697425415000 1.652795e+04
1697425425000 1.652412e+04
1697425435000 1.652680e+04
1697425445000 1.651621e+04
1697425455000 1.651236e+04
1697425465000 1.649354e+04
1697425475000 1.650634e+04
1697425485000 1.647364e+04
1697425495000 1.647722e+04
1697425505000 1.646163e+04
1697425515000 1.646609e+04
1697425525000 1.644801e+04
1697425535000 1.644556e+04
1697425545000 1.642718e+04
1697425555000 1.641533e+04
1697425565000 1.642275e+04
1697425575000 1.641445e+04
1697425585000 1.639142e+04
1697425595000 1.637629e+04
1697425605000 1.637330e+04
1697425615000 1.635676e+04
1697425625000 1.637202e+04
1697425635000 1.635363e+04
1697425645000 1.633882e+04
1697425655000 1.632760e+04
1697425665000 1.631904e+04
1697425675000 1.631173e+04
1697425685000 1.630027e+04
1697425695000 1.629569e+04
1697425705000 1.627484e+04
1697425715000 1.628539e+04
1697425725000 1.624852e+04
1697425735000 1.624952e+04
1697425745000 1.622771e+04
1697425755000 1.623183e+04
1697425765000 1.622380e+04
1697425775000 1.622520e+04
1697425785000 1.621136e+04
1697425795000 1.619095e+04
1697425805000 1.619037e+04
1697425815000 1.616867e+04
1697425825000 1.615941e+04
1697425835000 1.615914e+04
1697425845000 1.614932e+04
1697425855000 1.614175e+04
1697425865000 1.613076e+04
1697425875000 1.612094e+04
1697425885000 1.611525e+04
1697425895000 1.609139e+04
1697425905000 1.609990e+04
1697425915000 1.608993e+04
1697425925000 1.608433e+04
1697425935000 1.607596e+04
1697425945000 1.605507e+04
1697425955000 1.605286e+04
1697425965000 1.602017e+04
1697425975000 1.601995e+04
1697425985000 1.601796e+04
1697425995000 1.600236e+04
1697426005000 1.600064e+04
1697426015000 1.600369e+04
1697426025000 1.597394e+04
1697426035000 1.598149e+04
1697426045000 1.596438e+04
1697426055000 1.594653e+04
1697426065000 1.594183e+04
1697426075000 1.593992e+04
1697426085000 1.593741e+04
1697426095000 1.590192e+04
1697426105000 1.590218e+04
1697426115000 1.589342e+04
1697426125000 1.588197e+04
1697426135000 1.587473e+04
1697426145000 1.585536e+04
1697426155000 1.586161e+04
1697426165000 1.584859e+04
1697426175000 1.583912e+04
1697426185000 1.583267e+04
1697426195000 1.582338e+04
1697426205000 1.581544e+04
1697426215000 1.580805e+04
1697426225000 1.578920e+04
1697426235000 1.579006e+04
1697426245000 1.577679e+04
1697426255000 1.577906e+04
1697426265000 1.573787e+04
1697426275000 1.574052e+04
1697426285000 1.572909e+04
1697426295000 1.572562e+04
1697426305000 1.572573e+04
1697426315000 1.570274e+04
1697426325000 1.568515e+04
1697426335000 1.568910e+04
1697426345000 1.567099e+04
1697426355000 1.565999e+04
1697426365000 1.565118e+04
1697426375000 1.563785e+04
1697426385000 1.564603e+04
1697426395000 1.563500e+04
1697426405000 1.562159e+04
1697426415000 1.560662e+04
1697426425000 1.560412e+04
1697426435000 1.559894e+04
1697426445000 1.558101e+04
1697426455000 1.556667e+04
1697426465000 1.556112e+04
1697426475000 1.554837e+04
1697426485000 1.554263e+04
1697426495000 1.553724e+04
1697426505000 1.552586e+04
1697426515000 1.553104e+04
1697426525000 1.550635e+04
1697426535000 1.549521e+04
1697426545000 1.548846e+04
1697426555000 1.548439e+04
1697426565000 1.546973e+04
1697426575000 1.545897e+04
1697426585000 1.545850e+04
1697426595000 1.543293e+04
1697426605000 1.541720e+04
1697426615000 1.542982e+04
1697426625000 1.542099e+04
1697426635000 1.541203e+04
1697426645000 1.539941e+04
1697426655000 1.538182e+04
1697426665000 1.536808e+04
1697426675000 1.535655e+04
1697426685000 1.535422e+04
1697426695000 1.533639e+04
1697426705000 1.533479e+04
1697426715000 1.532524e+04
1697426725000 1.531172e+04
1697426735000 1.529958e+04
1697426745000 1.529503e+04
1697426755000 1.528038e+04
1697426765000 1.526982e+04
1697426775000 1.527476e+04
1697426785000 1.525528e+04
1697426795000 1.524541e+04
1697426805000 1.524855e+04
1697426815000 1.522573e+04
1697426825000 1.521734e+04
1697426835000 1.521450e+04
1697426845000 1.520137e+04
1697426855000 1.519643e+04
1697426865000 1.518259e+04
1697426875000 1.518362e+04
1697426885000 1.515216e+04
1697426895000 1.513670e+04
1697426905000 1.514285e+04
1697426915000 1.513067e+04
1697426925000 1.514015e+04
1697426935000 1.510749e+04
1697426945000 1.511201e+04
1697426955000 1.510066e+04
1697426965000 1.509475e+04
1697426975000 1.507367e+04
1697426985000 1.507858e+04
1697426995000 1.505614e+04
1697427005000 1.505463e+04
1697427015000 1.504676e+04
1697427025000 1.503844e+04
1697427035000 1.503683e+04
1697427045000 1.500871e+04
1697427055000 1.502251e+04
1697427065000 1.500178e+04
1697427075000 1.500395e+04
1697427085000 1.500012e+04
1697427095000 1.497978e+04
1697427105000 1.496722e+04
1697427115000 1.495653e+04
1697427125000 1.493846e+04
1697427135000 1.493676e+04
1697427145000 1.493316e+04
1697427155000 1.492480e+04
1697427165000 1.493405e+04
1697427175000 1.490465e+04
1697427185000 1.490383e+04
1697427195000 1.489768e+04
1697427205000 1.489438e+04
1697427215000 1.488111e+04
1697427225000 8.664356e+03
