# timestamp_ms interaction_rate
1697487128000 2.489179e+04
1697487138000 2.619417e+04
1697487148000 2.615806e+04
1697487158000 2.614986e+04
1697487168000 2.611405e+04
1697487178000 2.605752e+04
1697487188000 2.604374e+04
1697487198000 2.648767e+04
1697487208000 2.662057e+04
1697487218000 2.655504e+04
1697487228000 2.651463e+04
1697487238000 2.651014e+04
1697487248000 2.648410e+04
1697487258000 2.645565e+04
1697487268000 2.639771e+04
1697487278000 2.634543e+04
1697487288000 2.629654e+04
1697487298000 2.628167e+04
1697487308000 2.615480e+04
1697487318000 2.612479e+04
1697487328000 2.618675e+04
1697487338000 2.614445e+04
1697487348000 2.607700e+04
1697487358000 2.603527e+04
1697487368000 2.601769e+04
1697487378000 2.639200e+04
1697487388000 2.676653e+04
1697487398000 2.675867e+04
1697487408000 2.669531e+04
1697487418000 2.666290e+04
1697487428000 2.661799e+04
1697487438000 2.655669e+04
1697487448000 2.652441e+04
1697487458000 2.653301e+04
1697487468000 2.643386e+04
1697487478000 2.639246e+04
1697487488000 2.640248e+04
1697487498000 2.636274e+04
1697487508000 2.633582e+04
1697487518000 2.629527e+04
1697487528000 2.631211e+04
1697487538000 2.626232e+04
1697487548000 2.620041e+04
1697487558000 2.618495e+04
1697487568000 2.614698e+04
1697487578000 2.611670e+04
1697487588000 2.611981e+04
1697487598000 2.603342e+04
1697487608000 2.596696e+04
1697487618000 2.616317e+04
1697487628000 2.672566e+04
1697487638000 2.667563e+04
1697487648000 2.663917e+04
1697487658000 2.660580e+04
1697487668000 2.657559e+04
1697487678000 2.646785e+04
1697487688000 2.645642e+04
1697487698000 2.642234e+04
1697487708000 2.642616e+04
1697487718000 2.639334e+04
1697487728000 2.636710e+04
1697487738000 2.628726e+04
1697487748000 2.621230e+04
1697487758000 2.622386e+04
1697487768000 2.622949e+04
1697487778000 2.618159e+04
1697487788000 2.612982e+04
1697487798000 2.608811e+04
1697487808000 2.607321e+04
1697487818000 2.608147e+04
1697487828000 2.679816e+04
1697487838000 2.675954e+04
1697487848000 2.675039e+04
1697487858000 2.670029e+04
1697487868000 2.665293e+04
1697487878000 2.660883e+04
1697487888000 2.658218e+04
1697487898000 2.652393e+04
1697487908000 2.649575e+04
1697487918000 2.648319e+04
1697487928000 2.645321e+04
1697487938000 2.642001e+04
1697487948000 2.636288e+04
1697487958000 2.635750e+04
1697487968000 2.631783e+04
1697487978000 2.628814e+04
1697487988000 2.622479e+04
1697487998000 2.621024e+04
1697488008000 2.618528e+04
1697488018000 2.621924e+04
1697488028000 2.617444e+04
1697488038000 2.609834e+04
1697488048000 2.606588e+04
1697488058000 2.605534e+04
1697488068000 2.662209e+04
1697488078000 2.668694e+04
1697488088000 2.667218e+04
1697488098000 2.664493e+04
1697488108000 2.663318e+04
1697488118000 2.657604e+04
1697488128000 2.654397e+04
1697488138000 2.652925e+04
1697488148000 2.647680e+04
1697488158000 2.645349e+04
1697488168000 2.636009e+04
1697488178000 2.630571e+04
1697488188000 2.633217e+04
1697488198000 2.630647e+04
1697488208000 2.623723e+04
1697488218000 2.623942e+04
1697488228000 2.623153e+04
1697488238000 2.620098e+04
1697488248000 2.616241e+04
1697488258000 2.614142e+04
1697488268000 2.611256e+04
1697488278000 2.607686e+04
1697488288000 2.603064e+04
1697488298000 2.601389e+04
1697488308000 2.658151e+04
1697488318000 2.683582e+04
1697488328000 2.676452e+04
1697488338000 2.672116e+04
1697488348000 2.669765e+04
1697488358000 2.673084e+04
1697488368000 2.668826e+04
1697488378000 2.666597e+04
1697488388000 2.662121e+04
1697488398000 2.660619e+04
1697488408000 2.653187e+04
1697488418000 2.652441e+04
1697488428000 2.648476e+04
1697488438000 2.647826e+04
1697488448000 2.644515e+04
1697488458000 2.643516e+04
1697488468000 2.638227e+04
1697488478000 2.631254e+04
1697488488000 2.630288e+04
1697488498000 2.631983e+04
1697488508000 2.628020e+04
1697488518000 2.625798e+04
1697488528000 2.612769e+04
1697488538000 2.596349e+04
1697488548000 2.639710e+04
1697488558000 2.685526e+04
1697488568000 2.683079e+04
1697488578000 2.679914e+04
1697488588000 2.676025e+04
1697488598000 2.671481e+04
1697488608000 2.660328e+04
1697488618000 2.659572e+04
1697488628000 2.667601e+04
1697488638000 2.665692e+04
1697488648000 2.655135e+04
1697488658000 2.652292e+04
1697488668000 2.651344e+04
1697488678000 2.648857e+04
1697488688000 2.644390e+04
1697488698000 2.640444e+04
1697488708000 2.638445e+04
1697488718000 2.635504e+04
1697488728000 2.630263e+04
1697488738000 2.629771e+04
1697488748000 2.627416e+04
1697488758000 2.623775e+04
1697488768000 2.624110e+04
1697488778000 2.619981e+04
1697488788000 2.616384e+04
1697488798000 2.612025e+04
1697488808000 2.608323e+04
1697488818000 2.608807e+04
1697488828000 2.605185e+04
1697488838000 2.605875e+04
1697488848000 2.618008e+04
1697488858000 2.663543e+04
1697488868000 2.658642e+04
1697488878000 2.655865e+04
1697488888000 2.656722e+04
1697488898000 2.654229e+04
1697488908000 2.649537e+04
1697488918000 2.644622e+04
1697488928000 2.640856e+04
1697488938000 2.639127e+04
1697488948000 2.636485e+04
1697488958000 2.633897e+04
1697488968000 2.636220e+04
1697488978000 2.631952e+04
1697488988000 2.627972e+04
1697488998000 2.625661e+04
1697489008000 2.623169e+04
1697489018000 2.620890e+04
1697489028000 2.626998e+04
1697489038000 2.613987e+04
1697489048000 2.612472e+04
1697489058000 2.618528e+04
1697489068000 2.612475e+04
1697489078000 2.610752e+04
1697489088000 2.605570e+04
1697489098000 2.608501e+04
1697489108000 2.602944e+04
1697489118000 2.666796e+04
1697489128000 2.662715e+04
1697489138000 2.660308e+04
1697489148000 2.660811e+04
1697489158000 2.658840e+04
1697489168000 2.652800e+04
1697489178000 2.650407e+04
1697489188000 2.649540e+04
1697489198000 2.648577e+04
1697489208000 2.643701e+04
1697489218000 2.642471e+04
1697489228000 2.639770e+04
1697489238000 2.638092e+04
1697489248000 2.634721e+04
1697489258000 2.634244e+04
1697489268000 2.632298e+04
1697489278000 2.629119e+04
1697489288000 2.625966e+04
1697489298000 2.625334e+04
1697489308000 2.621886e+04
1697489318000 2.620145e+04
1697489328000 2.620788e+04
1697489338000 2.617231e+04
1697489348000 2.614590e+04
1697489358000 2.613321e+04
1697489368000 2.610933e+04
1697489378000 2.608975e+04
1697489388000 2.605670e+04
1697489398000 2.637119e+04
1697489408000 2.643300e+04
1697489418000 2.642925e+04
1697489428000 2.637736e+04
1697489438000 2.636137e+04
1697489448000 2.632729e+04
1697489458000 2.632315e+04
1697489468000 2.627731e+04
1697489478000 2.400871e+04
1697489488000 2.355811e+04
1697489498000 2.620062e+04
1697489508000 2.265136e+04
1697489518000 2.449833e+04
1697489528000 2.521280e+04
1697489538000 2.205954e+04
1697489548000 2.546780e+04
1697489558000 2.450251e+04
1697489568000 2.344006e+04
1697489578000 2.607325e+04
1697489588000 2.605461e+04
1697489598000 2.600607e+04
1697489608000 2.601422e+04
1697489618000 2.599789e+04
1697489628000 2.597491e+04
1697489638000 2.595655e+04
1697489648000 2.592700e+04
1697489658000 2.592420e+04
1697489668000 2.588977e+04
1697489678000 2.585166e+04
1697489688000 2.582909e+04
1697489698000 2.580420e+04
1697489708000 2.579495e+04
1697489718000 2.577157e+04
1697489728000 2.574972e+04
1697489738000 2.573014e+04
1697489748000 2.572014e+04
1697489758000 2.568147e+04
1697489768000 2.565217e+04
1697489778000 2.563932e+04
1697489788000 2.560622e+04
1697489798000 2.558426e+04
1697489808000 2.556043e+04
1697489818000 2.556388e+04
1697489828000 2.552087e+04
1697489838000 2.549547e+04
1697489848000 2.549280e+04
1697489858000 2.545505e+04
1697489868000 2.544498e+04
1697489878000 2.540228e+04
1697489888000 2.542280e+04
1697489898000 2.536759e+04
1697489908000 2.536480e+04
1697489918000 2.531644e+04
1697489928000 2.529733e+04
1697489938000 2.528736e+04
1697489948000 2.527460e+04
1697489958000 2.526160e+04
1697489968000 2.523613e+04
1697489978000 2.519271e+04
1697489988000 2.518578e+04
1697489998000 2.516079e+04
1697490008000 2.513334e+04
1697490018000 2.512421e+04
1697490028000 2.509917e+04
1697490038000 2.507388e+04
1697490048000 2.502991e+04
1697490058000 2.505532e+04
1697490068000 2.500692e+04
1697490078000 2.498752e+04
1697490088000 2.497301e+04
1697490098000 2.497158e+04
1697490108000 2.492813e+04
1697490118000 2.491546e+04
1697490128000 2.488628e+04
1697490138000 2.487408e+04
1697490148000 2.483689e+04
1697490158000 2.482986e+04
1697490168000 2.480243e+04
1697490178000 2.477574e+04
1697490188000 2.476442e+04
1697490198000 2.474339e+04
1697490208000 2.473195e+04
1697490218000 2.469691e+04
1697490228000 2.468844e+04
1697490238000 2.466743e+04
1697490248000 2.465764e+04
1697490258000 2.461649e+04
1697490268000 2.459683e+04
1697490278000 2.458293e+04
1697490288000 2.456224e+04
1697490298000 2.454446e+04
1697490308000 2.452709e+04
1697490318000 2.450258e+04
1697490328000 2.446655e+04
1697490338000 2.444555e+04
1697490348000 2.443397e+04
1697490358000 2.443132e+04
1697490368000 2.438491e+04
1697490378000 2.435030e+04
1697490388000 2.436772e+04
1697490398000 2.434424e+04
1697490408000 2.432858e+04
1697490418000 2.429845e+04
1697490428000 2.429436e+04
1697490438000 2.425822e+04
1697490448000 2.424674e+04
1697490458000 2.420637e+04
1697490468000 2.419751e+04
1697490478000 2.419270e+04
1697490488000 2.417317e+04
1697490498000 2.414613e+04
1697490508000 2.412375e+04
1697490518000 2.412654e+04
1697490528000 2.408479e+04
1697490538000 2.407965e+04
1697490548000 2.406560e+04
1697490558000 2.402948e+04
1697490568000 2.398883e+04
1697490578000 2.398854e+04
1697490588000 2.397632e+04
1697490598000 2.395525e+04
1697490608000 2.392933e+04
1697490618000 2.392187e+04
1697490628000 2.388583e+04
1697490638000 2.386152e+04
1697490648000 2.385404e+04
1697490658000 2.384413e+04
1697490668000 2.379916e+04
1697490678000 2.379447e+04
1697490688000 2.376426e+04
1697490698000 2.376576e+04
1697490708000 2.372163e+04
1697490718000 2.368831e+04
1697490728000 2.369622e+04
1697490738000 2.366010e+04
1697490748000 2.364817e+04
1697490758000 2.364460e+04
1697490768000 2.359995e+04
1697490778000 2.356920e+04
1697490788000 2.356899e+04
1697490798000 2.353552e+04
1697490808000 2.351558e+04
1697490818000 2.349939e+04
1697490828000 2.344520e+04
1697490838000 2.345413e+04
1697490848000 2.342130e+04
1697490858000 2.339851e+04
1697490868000 2.337046e+04
1697490878000 2.334508e+04
1697490888000 2.333857e+04
1697490898000 2.332043e+04
1697490908000 2.329631e+04
1697490918000 2.326484e+04
1697490928000 2.326370e+04
1697490938000 2.322282e+04
1697490948000 2.320169e+04
1697490958000 2.318175e+04
1697490968000 2.314709e+04
1697490978000 2.312371e+04
1697490988000 2.310479e+04
1697490998000 2.307911e+04
1697491008000 2.304682e+04
1697491018000 2.302964e+04
1697491028000 2.301085e+04
1697491038000 2.297341e+04
1697491048000 2.295374e+04
1697491058000 2.294710e+04
1697491068000 2.290703e+04
1697491078000 2.290347e+04
1697491088000 2.287262e+04
1697491098000 2.283533e+04
1697491108000 2.281840e+04
1697491118000 2.280287e+04
1697491128000 2.277673e+04
1697491138000 2.275210e+04
1697491148000 2.273354e+04
1697491158000 2.273307e+04
1697491168000 2.271775e+04
1697491178000 2.270611e+04
1697491188000 2.268876e+04
1697491198000 2.267190e+04
1697491208000 2.264584e+04
1697491218000 2.262422e+04
1697491228000 2.259527e+04
1697491238000 2.259563e+04
1697491248000 2.255870e+04
1697491258000 2.249805e+04
1697491268000 2.245448e+04
1697491278000 2.241438e+04
1697491288000 2.246017e+04
1697491298000 2.246008e+04
1697491308000 2.243850e+04
1697491318000 2.242087e+04
1697491328000 2.238585e+04
1697491338000 2.233576e+04
1697491348000 2.234738e+04
1697491358000 2.235250e+04
1697491368000 2.231400e+04
1697491378000 2.229922e+04
1697491388000 2.229060e+04
1697491398000 2.227529e+04
1697491408000 2.224216e+04
1697491418000 2.223359e+04
1697491428000 2.222908e+04
1697491438000 2.220552e+04
1697491448000 2.218662e+04
1697491458000 2.217518e+04
1697491468000 2.217040e+04
1697491478000 2.215778e+04
1697491488000 2.211603e+04
1697491498000 2.209400e+04
1697491508000 2.209935e+04
1697491518000 2.208340e+04
1697491528000 2.204942e+04
1697491538000 2.205389e+04
1697491548000 2.201179e+04
1697491558000 2.201862e+04
1697491568000 2.200570e+04
1697491578000 2.198621e+04
1697491588000 2.197851e+04
1697491598000 2.194916e+04
1697491608000 2.193724e+04
1697491618000 2.192033e+04
1697491628000 2.191552e+04
1697491638000 2.190794e+04
1697491648000 2.187705e+04
1697491658000 2.185905e+04
1697491668000 2.185805e+04
1697491678000 2.182383e+04
1697491688000 2.183498e+04
1697491698000 2.182407e+04
1697491708000 2.179992e+04
1697491718000 2.178672e+04
1697491728000 2.175904e+04
1697491738000 2.174726e+04
1697491748000 2.174137e+04
1697491758000 2.173483e+04
1697491768000 2.172442e+04
1697491778000 2.169007e+04
1697491788000 2.167725e+04
1697491798000 2.168197e+04
1697491808000 2.165382e+04
1697491818000 2.163005e+04
1697491828000 2.160871e+04
1697491838000 2.161352e+04
1697491848000 2.160149e+04
1697491858000 2.158267e+04
1697491868000 2.156104e+04
1697491878000 2.153740e+04
1697491888000 2.153173e+04
1697491898000 2.151252e+04
1697491908000 2.151255e+04
1697491918000 2.147462e+04
1697491928000 2.144944e+04
1697491938000 2.144860e+04
1697491948000 2.143755e+04
1697491958000 2.142979e+04
1697491968000 2.141493e+04
1697491978000 2.140667e+04
1697491988000 2.137667e+04
1697491998000 2.135683e+04
1697492008000 2.132295e+04
1697492018000 2.133915e+04
1697492028000 2.130302e+04
1697492038000 2.131789e+04
1697492048000 2.127759e+04
1697492058000 2.127781e+04
1697492068000 2.125360e+04
1697492078000 2.123858e+04
1697492088000 2.121884e+04
1697492098000 2.122263e+04
1697492108000 2.118736e+04
1697492118000 2.118448e+04
1697492128000 2.117307e+04
1697492138000 2.113685e+04
1697492148000 2.113892e+04
1697492158000 2.111720e+04
1697492168000 2.109587e+04
1697492178000 2.109956e+04
1697492188000 2.109414e+04
1697492198000 2.104107e+04
1697492208000 2.103665e+04
1697492218000 2.102475e+04
1697492228000 2.102637e+04
1697492238000 2.100596e+04
1697492248000 2.098476e+04
1697492258000 2.097798e+04
1697492268000 2.095260e+04
1697492278000 2.093700e+04
1697492288000 2.093170e+04
1697492298000 2.091670e+04
1697492308000 2.090610e+04
1697492318000 2.087144e+04
1697492328000 2.087823e+04
1697492338000 2.084326e+04
1697492348000 2.083874e+04
1697492358000 2.082160e+04
1697492368000 2.080089e+04
1697492378000 2.080103e+04
1697492388000 2.077050e+04
1697492398000 2.077081e+04
1697492408000 2.074174e+04
1697492418000 2.073841e+04
1697492428000 2.070356e+04
1697492438000 2.070142e+04
1697492448000 2.069237e+04
1697492458000 2.068024e+04
1697492468000 2.066412e+04
1697492478000 2.065905e+04
1697492488000 2.063274e+04
1697492498000 2.061718e+04
1697492508000 2.060072e+04
1697492518000 2.058198e+04
1697492528000 2.056777e+04
1697492538000 2.054942e+04
1697492548000 2.054108e+04
1697492558000 2.052842e+04
1697492568000 2.050650e+04
1697492578000 2.050485e+04
1697492588000 2.047308e+04
1697492598000 2.046685e+04
1697492608000 2.045136e+04
1697492618000 2.043437e+04
1697492628000 2.043300e+04
1697492638000 2.039801e+04
1697492648000 2.039940e+04
1697492658000 2.037808e+04
1697492668000 2.035298e+04
1697492678000 2.034771e+04
1697492688000 2.034535e+04
1697492698000 2.030684e+04
1697492708000 2.028825e+04
1697492718000 2.028521e+04
1697492728000 2.026849e+04
1697492738000 2.025695e+04
1697492748000 2.024318e+04
1697492758000 2.022829e+04
1697492768000 2.022368e+04
1697492778000 2.018014e+04
1697492788000 2.018312e+04
1697492798000 2.015755e+04
1697492808000 2.014631e+04
1697492818000 2.014841e+04
1697492828000 2.013294e+04
1697492838000 2.011382e+04
1697492848000 2.011320e+04
1697492858000 2.009468e+04
1697492868000 2.007210e+04
1697492878000 2.004762e+04
1697492888000 2.003593e+04
1697492898000 2.002234e+04
1697492908000 2.000453e+04
1697492918000 2.000593e+04
1697492928000 1.999672e+04
1697492938000 1.997400e+04
1697492948000 1.993566e+04
1697492958000 1.995778e+04
1697492968000 1.992264e+04
1697492978000 1.991001e+04
1697492988000 1.989660e+04
1697492998000 1.988988e+04
1697493008000 1.988520e+04
1697493018000 1.985261e+04
1697493028000 1.984129e+04
1697493038000 1.982412e+04
1697493048000 1.980769e+04
1697493058000 1.979889e+04
1697493068000 1.978751e+04
1697493078000 1.977255e+04
1697493088000 1.976203e+04
1697493098000 1.973500e+04
1697493108000 1.973210e+04
1697493118000 1.970588e+04
1697493128000 1.968808e+04
1697493138000 1.970514e+04
1697493148000 1.966521e+04
1697493158000 1.964429e+04
1697493168000 1.963454e+04
1697493178000 1.962866e+04
1697493188000 1.963610e+04
1697493198000 1.960762e+04
1697493208000 1.959589e+04
1697493218000 1.959088e+04
1697493228000 1.956923e+04
1697493238000 1.954523e+04
1697493248000 1.953074e+04
1697493258000 1.953651e+04
1697493268000 1.951931e+04
1697493278000 1.950674e+04
1697493288000 1.947995e+04
1697493298000 1.946862e+04
1697493308000 1.945975e+04
1697493318000 1.943299e+04
1697493328000 1.942263e+04
1697493338000 1.942398e+04
1697493348000 1.941631e+04
1697493358000 1.940281e+04
1697493368000 1.937228e+04
1697493378000 1.936824e+04
1697493388000 1.933663e+04
1697493398000 1.932498e+04
1697493408000 1.931266e+04
1697493418000 1.930571e+04
1697493428000 1.929233e+04
1697493438000 1.927696e+04
1697493448000 1.927576e+04
1697493458000 1.925289e+04
1697493468000 1.923133e+04
1697493478000 1.921384e+04
1697493488000 1.922709e+04
1697493498000 1.920224e+04
1697493508000 1.919497e+04
1697493518000 1.917601e+04
1697493528000 1.914669e+04
1697493538000 1.911969e+04
1697493548000 1.912392e+04
1697493558000 1.911605e+04
1697493568000 1.910633e+04
1697493578000 1.908210e+04
1697493588000 1.907176e+04
1697493598000 1.904681e+04
1697493608000 1.905774e+04
1697493618000 1.903064e+04
1697493628000 1.902784e+04
1697493638000 1.900452e+04
1697493648000 1.898337e+04
1697493658000 1.898326e+04
1697493668000 1.895959e+04
1697493678000 1.893303e+04
1697493688000 1.893983e+04
1697493698000 1.892776e+04
1697493708000 1.892087e+04
1697493718000 1.890573e+04
1697493728000 1.888393e+04
1697493738000 1.886964e+04
1697493748000 1.886181e+04
1697493758000 1.884898e+04
1697493768000 1.883444e+04
1697493778000 1.881495e+04
1697493788000 1.881977e+04
1697493798000 1.879895e+04
1697493808000 1.880545e+04
1697493818000 1.876552e+04
1697493828000 1.877138e+04
1697493838000 1.874984e+04
1697493848000 1.873469e+04
1697493858000 1.871156e+04
1697493868000 1.869100e+04
1697493878000 1.869745e+04
1697493888000 1.869261e+04
1697493898000 1.867459e+04
1697493908000 1.866353e+04
1697493918000 1.863493e+04
1697493928000 1.862087e+04
1697493938000 1.860902e+04
1697493948000 1.860902e+04
1697493958000 1.858332e+04
1697493968000 1.857772e+04
1697493978000 1.857110e+04
1697493988000 1.854597e+04
1697493998000 1.854071e+04
1697494008000 1.853256e+04
1697494018000 1.851675e+04
1697494028000 1.850528e+04
1697494038000 1.848216e+04
1697494048000 1.846530e+04
1697494058000 1.846515e+04
1697494068000 1.843908e+04
1697494078000 1.843459e+04
1697494088000 1.841479e+04
1697494098000 1.840020e+04
1697494108000 1.840146e+04
1697494118000 1.837517e+04
1697494128000 1.835741e+04
1697494138000 1.834155e+04
1697494148000 1.832350e+04
1697494158000 1.830349e+04
1697494168000 1.829942e+04
1697494178000 1.829281e+04
1697494188000 1.828705e+04
1697494198000 1.826324e+04
1697494208000 1.824828e+04
1697494218000 1.822666e+04
1697494228000 1.821604e+04
1697494238000 1.821532e+04
1697494248000 1.820216e+04
1697494258000 1.817242e+04
1697494268000 1.815782e+04
1697494278000 1.815238e+04
1697494288000 1.813646e+04
1697494298000 1.811856e+04
1697494308000 1.810697e+04
1697494318000 1.810376e+04
1697494328000 1.809892e+04
1697494338000 1.804244e+04
1697494348000 1.805201e+04
1697494358000 1.805204e+04
1697494368000 1.802380e+04
1697494378000 1.801847e+04
1697494388000 1.799140e+04
1697494398000 1.798151e+04
1697494408000 1.796390e+04
1697494418000 1.795328e+04
1697494428000 1.792092e+04
1697494438000 1.792239e+04
1697494448000 1.789324e+04
1697494458000 1.789402e+04
1697494468000 1.786958e+04
1697494478000 1.784543e+04
1697494488000 1.783576e+04
1697494498000 1.782482e+04
1697494508000 1.781913e+04
1697494518000 1.779637e+04
1697494528000 1.777544e+04
1697494538000 1.774882e+04
1697494548000 1.776020e+04
1697494558000 1.774597e+04
1697494568000 1.771771e+04
1697494578000 1.771249e+04
1697494588000 1.767490e+04
1697494598000 1.767423e+04
1697494608000 1.765701e+04
1697494618000 1.765168e+04
1697494628000 1.763881e+04
1697494638000 1.763407e+04
1697494648000 1.761337e+04
1697494658000 1.757045e+04
1697494668000 1.757692e+04
1697494678000 1.757657e+04
1697494688000 1.755289e+04
1697494698000 1.753396e+04
1697494708000 1.750073e+04
1697494718000 1.751885e+04
1697494728000 1.749241e+04
1697494738000 1.748856e+04
1697494748000 1.746645e+04
1697494758000 1.746012e+04
1697494768000 1.744700e+04
1697494778000 1.744208e+04
1697494788000 1.742921e+04
1697494798000 1.740619e+04
1697494808000 1.740518e+04
1697494818000 1.737403e+04
1697494828000 1.736944e+04
1697494838000 1.735436e+04
1697494848000 1.733746e+04
1697494858000 1.734364e+04
1697494868000 1.730703e+04
1697494878000 1.730416e+04
1697494888000 1.731052e+04
1697494898000 1.729878e+04
1697494908000 1.726447e+04
1697494918000 1.726876e+04
1697494928000 1.725103e+04
1697494938000 1.725541e+04
1697494948000 1.723383e+04
1697494958000 1.721777e+04
1697494968000 1.720469e+04
1697494978000 1.719017e+04
1697494988000 1.718936e+04
1697494998000 1.718086e+04
1697495008000 1.716136e+04
1697495018000 1.715082e+04
1697495028000 1.716135e+04
1697495038000 1.714296e+04
1697495048000 1.713638e+04
1697495058000 1.711439e+04
1697495068000 1.712606e+04
1697495078000 1.713286e+04
1697495088000 1.710067e+04
1697495098000 1.708416e+04
1697495108000 1.706376e+04
1697495118000 1.705304e+04
1697495128000 1.703319e+04
1697495138000 1.701264e+04
1697495148000 1.700082e+04
1697495158000 1.701760e+04
1697495168000 1.700012e+04
1697495178000 1.700651e+04
1697495188000 1.697767e+04
1697495198000 1.696660e+04
1697495208000 1.695610e+04
1697495218000 1.695625e+04
1697495228000 1.696002e+04
1697495238000 1.693425e+04
1697495248000 1.692585e+04
1697495258000 1.692230e+04
1697495268000 1.691222e+04
1697495278000 1.689130e+04
1697495288000 1.688152e+04
1697495298000 1.687198e+04
1697495308000 1.686135e+04
1697495318000 1.685082e+04
1697495328000 1.685195e+04
1697495338000 1.682706e+04
1697495348000 1.681748e+04
1697495358000 1.680979e+04
1697495368000 1.680654e+04
1697495378000 1.679839e+04
1697495388000 1.678267e+04
1697495398000 1.678647e+04
1697495408000 1.675660e+04
1697495418000 1.675417e+04
1697495428000 1.675305e+04
1697495438000 1.673386e+04
1697495448000 1.673403e+04
1697495458000 1.671289e+04
1697495468000 1.670801e+04
1697495478000 1.670118e+04
1697495488000 1.669858e+04
1697495498000 1.669485e+04
1697495508000 1.669251e+04
1697495518000 1.667403e+04
1697495528000 1.666770e+04
1697495538000 1.664007e+04
1697495548000 1.665679e+04
1697495558000 1.663762e+04
1697495568000 1.662240e+04
1697495578000 1.661480e+04
1697495588000 1.660597e+04
1697495598000 1.661217e+04
1697495608000 1.658027e+04
1697495618000 1.659277e+04
1697495628000 1.656740e+04
1697495638000 1.657413e+04
1697495648000 1.653538e+04
1697495658000 1.653393e+04
1697495668000 1.652420e+04
1697495678000 1.651632e+04
1697495688000 1.651890e+04
1697495698000 1.650304e+04
1697495708000 1.648635e+04
1697495718000 1.647536e+04
1697495728000 1.647530e+04
1697495738000 1.647157e+04
1697495748000 1.645928e+04
1697495758000 1.643920e+04
1697495768000 1.642494e+04
1697495778000 1.643135e+04
1697495788000 1.641542e+04
1697495798000 1.641207e+04
1697495808000 1.640017e+04
1697495818000 1.636015e+04
1697495828000 1.637494e+04
1697495838000 1.634118e+04
1697495848000 1.635670e+04
1697495858000 1.633019e+04
1697495868000 1.632692e+04
1697495878000 1.631789e+04
1697495888000 1.631695e+04
1697495898000 1.629307e+04
1697495908000 1.627928e+04
1697495918000 1.626326e+04
1697495928000 1.626016e+04
1697495938000 1.624137e+04
1697495948000 1.623327e+04
1697495958000 1.622057e+04
1697495968000 1.621999e+04
1697495978000 1.620210e+04
1697495988000 1.618618e+04
1697495998000 1.618641e+04
1697496008000 1.617611e+04
1697496018000 1.617391e+04
1697496028000 1.615078e+04
1697496038000 1.613692e+04
1697496048000 1.613118e+04
1697496058000 1.611026e+04
1697496068000 1.610278e+04
1697496078000 1.610902e+04
1697496088000 1.608283e+04
1697496098000 1.608505e+04
1697496108000 1.606118e+04
1697496118000 1.605338e+04
1697496128000 1.604838e+04
1697496138000 1.605129e+04
1697496148000 1.602773e+04
1697496158000 1.601453e+04
1697496168000 1.600468e+04
1697496178000 1.598933e+04
1697496188000 1.599540e+04
1697496198000 1.597637e+04
1697496208000 1.595737e+04
1697496218000 1.594355e+04
1697496228000 1.594544e+04
1697496238000 1.593720e+04
1697496248000 1.590805e+04
1697496258000 1.591211e+04
1697496268000 1.589692e+04
1697496278000 1.587992e+04
1697496288000 1.588390e+04
1697496298000 1.587164e+04
1697496308000 1.585471e+04
1697496318000 1.583551e+04
1697496328000 1.584149e+04
1697496338000 1.580865e+04
1697496348000 1.578639e+04
1697496358000 1.580359e+04
1697496368000 1.579480e+04
1697496378000 1.575813e+04
1697496388000 1.574764e+04
1697496398000 1.571854e+04
1697496408000 1.572302e+04
1697496418000 1.572043e+04
1697496428000 1.571755e+04
1697496438000 1.568694e+04
1697496448000 1.570686e+04
1697496458000 1.566464e+04
1697496468000 1.567981e+04
1697496478000 1.567600e+04
1697496488000 1.564061e+04
1697496498000 1.563981e+04
1697496508000 1.564183e+04
1697496518000 1.562261e+04
1697496528000 1.562318e+04
1697496538000 1.559407e+04
1697496548000 1.558025e+04
1697496558000 1.557718e+04
1697496568000 1.556584e+04
1697496578000 1.555927e+04
1697496588000 1.553837e+04
1697496598000 1.552741e+04
1697496608000 1.552060e+04
1697496618000 1.551846e+04
1697496628000 1.548653e+04
1697496638000 1.549690e+04
1697496648000 1.548804e+04
1697496658000 1.544701e+04
1697496668000 1.545116e+04
1697496678000 1.544900e+04
1697496688000 1.546246e+04
1697496698000 1.542977e+04
1697496708000 1.539961e+04
1697496718000 1.542353e+04
1697496728000 1.540374e+04
1697496738000 1.539098e+04
1697496748000 1.537899e+04
1697496758000 1.536664e+04
1697496768000 1.534850e+04
1697496778000 1.533943e+04
1697496788000 1.531185e+04
1697496798000 1.529596e+04
1697496808000 1.530500e+04
1697496818000 1.529870e+04
1697496828000 1.528576e+04
1697496838000 1.527621e+04
1697496848000 1.527808e+04
1697496858000 1.526887e+04
1697496868000 1.524442e+04
1697496878000 1.524716e+04
1697496888000 1.525475e+04
1697496898000 1.522140e+04
1697496908000 1.521324e+04
1697496918000 1.518140e+04
1697496928000 1.518618e+04
1697496938000 1.514307e+04
1697496948000 1.513937e+04
1697496958000 1.513626e+04
1697496968000 1.511611e+04
1697496978000 1.513256e+04
1697496988000 1.512517e+04
1697496998000 1.511589e+04
1697497008000 1.508808e+04
1697497018000 1.507535e+04
1697497028000 1.507506e+04
1697497038000 1.506026e+04
1697497048000 1.504947e+04
1697497058000 1.504136e+04
1697497068000 1.502766e+04
1697497078000 1.501425e+04
1697497088000 1.500994e+04
1697497098000 1.498675e+04
1697497108000 1.498329e+04
1697497118000 1.497209e+04
1697497128000 1.495983e+04
1697497138000 1.492839e+04
1697497148000 1.493661e+04
1697497158000 1.493079e+04
1697497168000 1.492198e+04
1697497178000 1.490751e+04
1697497188000 1.491380e+04
1697497198000 1.487039e+04
1697497208000 1.479832e+04
1697497218000 1.479131e+04
1697497228000 1.479514e+04
1697497238000 1.477101e+04
1697497248000 1.479548e+04
1697497258000 1.478887e+04
1697497268000 1.477951e+04
1697497278000 1.477205e+04
1697497288000 1.476708e+04
1697497298000 1.476039e+04
1697497308000 1.474055e+04
1697497318000 1.474784e+04
1697497328000 1.472534e+04
1697497338000 1.471166e+04
1697497348000 1.470813e+04
1697497358000 1.469937e+04
1697497368000 1.469842e+04
1697497378000 1.467821e+04
1697497388000 1.467754e+04
1697497398000 1.465628e+04
1697497408000 1.464826e+04
1697497418000 1.463951e+04
1697497428000 1.462377e+04
1697497438000 1.463379e+04
1697497448000 1.461382e+04
1697497458000 1.459961e+04
1697497468000 1.460420e+04
1697497478000 1.459638e+04
1697497488000 1.457576e+04
1697497498000 1.456286e+04
1697497508000 1.456229e+04
1697497518000 1.454370e+04
1697497528000 1.454231e+04
1697497538000 1.454729e+04
1697497548000 1.452549e+04
1697497558000 1.453199e+04
1697497568000 1.451232e+04
1697497578000 1.450570e+04
1697497588000 1.449195e+04
1697497598000 1.448794e+04
1697497608000 1.447636e+04
1697497618000 1.447873e+04
1697497628000 1.445634e+04
1697497638000 1.445568e+04
1697497648000 1.444795e+04
1697497658000 1.442789e+04
1697497668000 1.442388e+04
1697497678000 1.442221e+04
1697497688000 1.440870e+04
1697497698000 1.440149e+04
1697497708000 1.442086e+04
1697497718000 1.441808e+04
1697497728000 1.440048e+04
1697497738000 1.438522e+04
1697497748000 1.440303e+04
1697497758000 1.437473e+04
1697497768000 1.438062e+04
1697497778000 1.436708e+04
1697497788000 1.436163e+04
1697497798000 1.436024e+04
1697497808000 1.435307e+04
1697497818000 1.434743e+04
1697497828000 1.434690e+04
1697497838000 1.434428e+04
1697497848000 1.432795e+04
1697497858000 1.434392e+04
1697497868000 1.432481e+04
1697497878000 1.430632e+04
1697497888000 1.429305e+04
1697497898000 1.428911e+04
1697497908000 1.428603e+04
1697497918000 1.427947e+04
1697497928000 1.429268e+04
1697497938000 1.428103e+04
1697497948000 1.425929e+04
1697497958000 1.424830e+04
1697497968000 1.424718e+04
1697497978000 1.424119e+04
1697497988000 1.422190e+04
1697497998000 1.423718e+04
1697498008000 1.421801e+04
1697498018000 1.421032e+04
1697498028000 1.420580e+04
1697498038000 1.421233e+04
1697498048000 1.418760e+04
1697498058000 1.417874e+04
1697498068000 1.418961e+04
1697498078000 1.416669e+04
1697498088000 1.415946e+04
1697498098000 1.415514e+04
1697498108000 1.416568e+04
1697498118000 1.416059e+04
1697498128000 1.416276e+04
1697498138000 1.417032e+04
1697498148000 1.412256e+04
1697498158000 1.413317e+04
1697498168000 1.412168e+04
1697498178000 1.411493e+04
1697498188000 1.411900e+04
1697498198000 1.409733e+04
1697498208000 1.408583e+04
1697498218000 1.406100e+04
1697498228000 1.407511e+04
1697498238000 1.406265e+04
1697498248000 1.405396e+04
1697498258000 1.406575e+04
1697498268000 1.403828e+04
1697498278000 1.404857e+04
1697498288000 1.403542e+04
1697498298000 1.402715e+04
1697498308000 1.402540e+04
1697498318000 1.401736e+04
1697498328000 1.401486e+04
1697498338000 1.399576e+04
1697498348000 1.398139e+04
1697498358000 1.397050e+04
1697498368000 1.396938e+04
1697498378000 1.396881e+04
1697498388000 1.396523e+04
1697498398000 1.393679e+04
1697498408000 1.393275e+04
1697498418000 1.393798e+04
1697498428000 1.393318e+04
1697498438000 1.394119e+04
1697498448000 1.391423e+04
1697498458000 1.391174e+04
1697498468000 1.391067e+04
1697498478000 1.389740e+04
1697498488000 1.387914e+04
1697498498000 1.387212e+04
1697498508000 1.387747e+04
1697498518000 1.386631e+04
1697498528000 1.384862e+04
1697498538000 1.383622e+04
1697498548000 1.384041e+04
1697498558000 1.382209e+04
1697498568000 1.382556e+04
1697498578000 1.382505e+04
1697498588000 1.382975e+04
1697498598000 1.380546e+04
1697498608000 1.379917e+04
1697498618000 1.378061e+04
1697498628000 1.378620e+04
1697498638000 1.379103e+04
1697498648000 1.376502e+04
1697498658000 1.377709e+04
1697498668000 1.376177e+04
1697498678000 1.375465e+04
1697498688000 1.376508e+04
1697498698000 1.374649e+04
1697498708000 1.372896e+04
1697498718000 1.373635e+04
1697498728000 1.371696e+04
1697498738000 1.369497e+04
1697498748000 1.370534e+04
1697498758000 1.369275e+04
1697498768000 1.368386e+04
1697498778000 1.369686e+04
1697498788000 1.367901e+04
1697498798000 1.365356e+04
1697498808000 1.366995e+04
1697498818000 1.365658e+04
1697498828000 1.364359e+04
1697498838000 1.365263e+04
1697498848000 1.363690e+04
1697498858000 1.362459e+04
1697498868000 1.362505e+04
1697498878000 1.361987e+04
1697498888000 1.360144e+04
1697498898000 1.360840e+04
1697498908000 1.361568e+04
1697498918000 1.360208e+04
1697498928000 1.359251e+04
1697498938000 1.357438e+04
1697498948000 1.357665e+04
1697498958000 1.356593e+04
1697498968000 1.356847e+04
1697498978000 1.354752e+04
1697498988000 1.352884e+04
1697498998000 1.351914e+04
1697499008000 1.352875e+04
1697499018000 1.352231e+04
1697499028000 1.351998e+04
1697499038000 1.350617e+04
1697499048000 1.349229e+04
1697499058000 1.349644e+04
1697499068000 1.348029e+04
1697499078000 1.347778e+04
1697499088000 1.346240e+04
1697499098000 1.345099e+04
1697499108000 1.345497e+04
1697499118000 1.344144e+04
1697499128000 1.344802e+04
1697499138000 1.342587e+04
1697499148000 1.342744e+04
1697499158000 1.342540e+04
1697499168000 1.341565e+04
1697499178000 1.342797e+04
1697499188000 1.340427e+04
1697499198000 1.340046e+04
1697499208000 1.338407e+04
1697499218000 1.335597e+04
1697499228000 1.336597e+04
1697499238000 1.335197e+04
1697499248000 1.334194e+04
1697499258000 1.334230e+04
1697499268000 1.333729e+04
1697499278000 1.333405e+04
1697499288000 1.331327e+04
1697499298000 1.329719e+04
1697499308000 1.329697e+04
1697499318000 1.329951e+04
1697499328000 1.328118e+04
1697499338000 1.328188e+04
1697499348000 1.325625e+04
1697499358000 1.325337e+04
1697499368000 1.323928e+04
1697499378000 1.321984e+04
1697499388000 1.322038e+04
1697499398000 1.321914e+04
1697499408000 1.320983e+04
1697499418000 1.321070e+04
1697499428000 1.319369e+04
1697499438000 1.319301e+04
1697499448000 1.318038e+04
1697499458000 1.317294e+04
1697499468000 1.318059e+04
1697499478000 1.314920e+04
1697499488000 1.313706e+04
1697499498000 1.312700e+04
1697499508000 1.312768e+04
1697499518000 1.310931e+04
1697499528000 1.309402e+04
1697499538000 1.307918e+04
1697499548000 1.308714e+04
1697499558000 1.306630e+04
1697499568000 1.307017e+04
1697499578000 1.305878e+04
1697499588000 1.304502e+04
1697499598000 1.303868e+04
1697499608000 1.301666e+04
1697499618000 1.300637e+04
1697499628000 1.300334e+04
1697499638000 1.300405e+04
1697499648000 1.298263e+04
1697499658000 1.296884e+04
1697499668000 1.296227e+04
1697499678000 1.293154e+04
1697499688000 1.293251e+04
1697499698000 1.291213e+04
1697499708000 1.292309e+04
1697499718000 1.290951e+04
1697499728000 1.290802e+04
1697499738000 1.290394e+04
1697499748000 1.288864e+04
1697499758000 1.288955e+04
1697499768000 1.286862e+04
1697499778000 1.285322e+04
1697499788000 1.286075e+04
1697499798000 1.284633e+04
1697499808000 1.282723e+04
1697499818000 1.282023e+04
1697499828000 1.280442e+04
1697499838000 1.280662e+04
1697499848000 1.278537e+04
1697499858000 1.279161e+04
1697499868000 1.275978e+04
1697499878000 1.277079e+04
1697499888000 1.274926e+04
1697499898000 1.274637e+04
1697499908000 1.272673e+04
1697499918000 1.273302e+04
1697499928000 1.270360e+04
1697499938000 1.269211e+04
1697499948000 1.269408e+04
1697499958000 1.268326e+04
1697499968000 1.266403e+04
1697499978000 1.266412e+04
1697499988000 1.265100e+04
1697499998000 1.263376e+04
1697500008000 1.264665e+04
1697500018000 1.261879e+04
1697500028000 1.260670e+04
1697500038000 1.258291e+04
1697500048000 1.259335e+04
1697500058000 1.256839e+04
1697500068000 1.256561e+04
1697500078000 1.256361e+04
1697500088000 1.255648e+04
1697500098000 1.253861e+04
1697500108000 1.252498e+04
1697500118000 1.252271e+04
1697500128000 1.250476e+04
1697500138000 1.249718e+04
1697500148000 1.248673e+04
1697500158000 1.248330e+04
1697500168000 1.246638e+04
1697500178000 1.246199e+04
1697500188000 1.244612e+04
1697500198000 1.244591e+04
1697500208000 1.244261e+04
1697500218000 9.564149e+03
