# timestamp_ms interaction_rate
1697873327000 2.690572e+04
1697873337000 2.727301e+04
1697873347000 2.727559e+04
1697873357000 2.726184e+04
1697873367000 2.722492e+04
1697873377000 2.723953e+04
1697873387000 2.721997e+04
1697873397000 2.717968e+04
1697873407000 2.718479e+04
1697873417000 2.714123e+04
1697873427000 2.709813e+04
1697873437000 2.711999e+04
1697873447000 2.705086e+04
1697873457000 2.702359e+04
1697873467000 2.698506e+04
1697873477000 2.700538e+04
1697873487000 2.694885e+04
1697873497000 2.688659e+04
1697873507000 2.685253e+04
1697873517000 2.684716e+04
1697873527000 2.681879e+04
1697873537000 2.676136e+04
1697873547000 2.675567e+04
1697873557000 2.671936e+04
1697873567000 2.665288e+04
1697873577000 2.667493e+04
1697873587000 2.663822e+04
1697873597000 2.657583e+04
1697873607000 2.658501e+04
1697873617000 2.656010e+04
1697873627000 2.646963e+04
1697873637000 2.642104e+04
1697873647000 2.633283e+04
1697873657000 2.643958e+04
1697873667000 2.643897e+04
1697873677000 2.635281e+04
1697873687000 2.631069e+04
1697873697000 2.629350e+04
1697873707000 2.627875e+04
1697873717000 2.622119e+04
1697873727000 2.622370e+04
1697873737000 2.616963e+04
1697873747000 2.615504e+04
1697873757000 2.607411e+04
1697873767000 2.604107e+04
1697873777000 2.599569e+04
1697873787000 2.606367e+04
1697873797000 2.681495e+04
1697873807000 2.682338e+04
1697873817000 2.674457e+04
1697873827000 2.665160e+04
1697873837000 2.660692e+04
1697873847000 2.653689e+04
1697873857000 2.648951e+04
1697873867000 2.643594e+04
1697873877000 2.639131e+04
1697873887000 2.636025e+04
1697873897000 2.630539e+04
1697873907000 2.629136e+04
1697873917000 2.628890e+04
1697873927000 2.624066e+04
1697873937000 2.616027e+04
1697873947000 2.612553e+04
1697873957000 2.609272e+04
1697873967000 2.602960e+04
1697873977000 2.601764e+04
1697873987000 2.599285e+04
1697873997000 2.647732e+04
1697874007000 2.655628e+04
1697874017000 2.654027e+04
1697874027000 2.650729e+04
1697874037000 2.648267e+04
1697874047000 2.643746e+04
1697874057000 2.643079e+04
1697874067000 2.632205e+04
1697874077000 2.630113e+04
1697874087000 2.636451e+04
1697874097000 2.636251e+04
1697874107000 2.625181e+04
1697874117000 2.622683e+04
1697874127000 2.624941e+04
1697874137000 2.620576e+04
1697874147000 2.611061e+04
1697874157000 2.611437e+04
1697874167000 2.610262e+04
1697874177000 2.605522e+04
1697874187000 2.597540e+04
1697874197000 2.643968e+04
1697874207000 2.682263e+04
1697874217000 2.680124e+04
1697874227000 2.672390e+04
1697874237000 2.669938e+04
1697874247000 2.669828e+04
1697874257000 2.667760e+04
1697874267000 2.661299e+04
1697874277000 2.659954e+04
1697874287000 2.655986e+04
1697874297000 2.653097e+04
1697874307000 2.649691e+04
1697874317000 2.644859e+04
1697874327000 2.643188e+04
1697874337000 2.642088e+04
1697874347000 2.640702e+04
1697874357000 2.637053e+04
1697874367000 2.630778e+04
1697874377000 2.627325e+04
1697874387000 2.624152e+04
1697874397000 2.619494e+04
1697874407000 2.621043e+04
1697874417000 2.619391e+04
1697874427000 2.616708e+04
1697874437000 2.612456e+04
1697874447000 2.607856e+04
1697874457000 2.604462e+04
1697874467000 2.598851e+04
1697874477000 2.623638e+04
1697874487000 2.671951e+04
1697874497000 2.669135e+04
1697874507000 2.661775e+04
1697874517000 2.665241e+04
1697874527000 2.667434e+04
1697874537000 2.661795e+04
1697874547000 2.659476e+04
1697874557000 2.656563e+04
1697874567000 2.651995e+04
1697874577000 2.648834e+04
1697874587000 2.645561e+04
1697874597000 2.644611e+04
1697874607000 2.638840e+04
1697874617000 2.635220e+04
1697874627000 2.637129e+04
1697874637000 2.635088e+04
1697874647000 2.631398e+04
1697874657000 2.628173e+04
1697874667000 2.626102e+04
1697874677000 2.621494e+04
1697874687000 2.618770e+04
1697874697000 2.615484e+04
1697874707000 2.612811e+04
1697874717000 2.610014e+04
1697874727000 2.607066e+04
1697874737000 2.614925e+04
1697874747000 2.670149e+04
1697874757000 2.664513e+04
1697874767000 2.662569e+04
1697874777000 2.660382e+04
1697874787000 2.660524e+04
1697874797000 2.657155e+04
1697874807000 2.653121e+04
1697874817000 2.650747e+04
1697874827000 2.648481e+04
1697874837000 2.644948e+04
1697874847000 2.639671e+04
1697874857000 2.640072e+04
1697874867000 2.636627e+04
1697874877000 2.632260e+04
1697874887000 2.630846e+04
1697874897000 2.627318e+04
1697874907000 2.625666e+04
1697874917000 2.624821e+04
1697874927000 2.621237e+04
1697874937000 2.614836e+04
1697874947000 2.611770e+04
1697874957000 2.615363e+04
1697874967000 2.612569e+04
1697874977000 2.607497e+04
1697874987000 2.605493e+04
1697874997000 2.604864e+04
1697875007000 2.666124e+04
1697875017000 2.667644e+04
1697875027000 2.666836e+04
1697875037000 2.663457e+04
1697875047000 2.661163e+04
1697875057000 2.657503e+04
1697875067000 2.656978e+04
1697875077000 2.652610e+04
1697875087000 2.648109e+04
1697875097000 2.647395e+04
1697875107000 2.645667e+04
1697875117000 2.642646e+04
1697875127000 2.639725e+04
1697875137000 2.637266e+04
1697875147000 2.634059e+04
1697875157000 2.633600e+04
1697875167000 2.631410e+04
1697875177000 2.629534e+04
1697875187000 2.625107e+04
1697875197000 2.623747e+04
1697875207000 2.620753e+04
1697875217000 2.619461e+04
1697875227000 2.616462e+04
1697875237000 2.612248e+04
1697875247000 2.609350e+04
1697875257000 2.607561e+04
1697875267000 2.603705e+04
1697875277000 2.603246e+04
1697875287000 2.647372e+04
1697875297000 2.659945e+04
1697875307000 2.654145e+04
1697875317000 2.652384e+04
1697875327000 2.651187e+04
1697875337000 2.648974e+04
1697875347000 2.643069e+04
1697875357000 2.641761e+04
1697875367000 2.640336e+04
1697875377000 2.634523e+04
1697875387000 2.632043e+04
1697875397000 2.634284e+04
1697875407000 2.628151e+04
1697875417000 2.627337e+04
1697875427000 2.621665e+04
1697875437000 2.620156e+04
1697875447000 2.618727e+04
1697875457000 2.614602e+04
1697875467000 2.614420e+04
1697875477000 2.612649e+04
1697875487000 2.607717e+04
1697875497000 2.605428e+04
1697875507000 2.613949e+04
1697875517000 2.622173e+04
1697875527000 2.620256e+04
1697875537000 2.618100e+04
1697875547000 2.616523e+04
1697875557000 2.613241e+04
1697875567000 2.613200e+04
1697875577000 2.609376e+04
1697875587000 2.607265e+04
1697875597000 2.605749e+04
1697875607000 2.585656e+04
1697875617000 2.486477e+04
1697875627000 2.487413e+04
1697875637000 2.579980e+04
1697875647000 2.594312e+04
1697875657000 2.561476e+04
1697875667000 2.342504e+04
1697875677000 2.543175e+04
1697875687000 2.360382e+04
1697875697000 2.134733e+04
1697875707000 2.580485e+04
1697875717000 2.366386e+04
1697875727000 2.401656e+04
1697875737000 2.548866e+04
1697875747000 2.209799e+04
1697875757000 2.454399e+04
1697875767000 2.567837e+04
1697875777000 2.567150e+04
1697875787000 2.563507e+04
1697875797000 2.568665e+04
1697875807000 2.575861e+04
1697875817000 2.573813e+04
1697875827000 2.571481e+04
1697875837000 2.568736e+04
1697875847000 2.569020e+04
1697875857000 2.565547e+04
1697875867000 2.561294e+04
1697875877000 2.561364e+04
1697875887000 2.558156e+04
1697875897000 2.553819e+04
1697875907000 2.553643e+04
1697875917000 2.552633e+04
1697875927000 2.548412e+04
1697875937000 2.546238e+04
1697875947000 2.543628e+04
1697875957000 2.542927e+04
1697875967000 2.539445e+04
1697875977000 2.538951e+04
1697875987000 2.536637e+04
1697875997000 2.535066e+04
1697876007000 2.533065e+04
1697876017000 2.532120e+04
1697876027000 2.527757e+04
1697876037000 2.526102e+04
1697876047000 2.524609e+04
1697876057000 2.521676e+04
1697876067000 2.519933e+04
1697876077000 2.516397e+04
1697876087000 2.514902e+04
1697876097000 2.512562e+04
1697876107000 2.510458e+04
1697876117000 2.508839e+04
1697876127000 2.506628e+04
1697876137000 2.504140e+04
1697876147000 2.502813e+04
1697876157000 2.498889e+04
1697876167000 2.498628e+04
1697876177000 2.496615e+04
1697876187000 2.493833e+04
1697876197000 2.492534e+04
1697876207000 2.489764e+04
1697876217000 2.487028e+04
1697876227000 2.484010e+04
1697876237000 2.483347e+04
1697876247000 2.479746e+04
1697876257000 2.477657e+04
1697876267000 2.474727e+04
1697876277000 2.472801e+04
1697876287000 2.472816e+04
1697876297000 2.467455e+04
1697876307000 2.466933e+04
1697876317000 2.463706e+04
1697876327000 2.462952e+04
1697876337000 2.459262e+04
1697876347000 2.456284e+04
1697876357000 2.455400e+04
1697876367000 2.452158e+04
1697876377000 2.449472e+04
1697876387000 2.448007e+04
1697876397000 2.445311e+04
1697876407000 2.442262e+04
1697876417000 2.439568e+04
1697876427000 2.437723e+04
1697876437000 2.436228e+04
1697876447000 2.431447e+04
1697876457000 2.428668e+04
1697876467000 2.428269e+04
1697876477000 2.425655e+04
1697876487000 2.423488e+04
1697876497000 2.422329e+04
1697876507000 2.419075e+04
1697876517000 2.414263e+04
1697876527000 2.412957e+04
1697876537000 2.411999e+04
1697876547000 2.408048e+04
1697876557000 2.406355e+04
1697876567000 2.403233e+04
1697876577000 2.400456e+04
1697876587000 2.401681e+04
1697876597000 2.395515e+04
1697876607000 2.393191e+04
1697876617000 2.390392e+04
1697876627000 2.386379e+04
1697876637000 2.381440e+04
1697876647000 2.384186e+04
1697876657000 2.377721e+04
1697876667000 2.377043e+04
1697876677000 2.373005e+04
1697876687000 2.375147e+04
1697876697000 2.369377e+04
1697876707000 2.366161e+04
1697876717000 2.365611e+04
1697876727000 2.363300e+04
1697876737000 2.356708e+04
1697876747000 2.356770e+04
1697876757000 2.355716e+04
1697876767000 2.352821e+04
1697876777000 2.351442e+04
1697876787000 2.349128e+04
1697876797000 2.346088e+04
1697876807000 2.344173e+04
1697876817000 2.342299e+04
1697876827000 2.339312e+04
1697876837000 2.337751e+04
1697876847000 2.335414e+04
1697876857000 2.330457e+04
1697876867000 2.331650e+04
1697876877000 2.327926e+04
1697876887000 2.326047e+04
1697876897000 2.324647e+04
1697876907000 2.322195e+04
1697876917000 2.317455e+04
1697876927000 2.317987e+04
1697876937000 2.316480e+04
1697876947000 2.314887e+04
1697876957000 2.311024e+04
1697876967000 2.309230e+04
1697876977000 2.307793e+04
1697876987000 2.305099e+04
1697876997000 2.302181e+04
1697877007000 2.302259e+04
1697877017000 2.298233e+04
1697877027000 2.297609e+04
1697877037000 2.294935e+04
1697877047000 2.293395e+04
1697877057000 2.291294e+04
1697877067000 2.289922e+04
1697877077000 2.286265e+04
1697877087000 2.285340e+04
1697877097000 2.282675e+04
1697877107000 2.280013e+04
1697877117000 2.278587e+04
1697877127000 2.277906e+04
1697877137000 2.276150e+04
1697877147000 2.276801e+04
1697877157000 2.274121e+04
1697877167000 2.271003e+04
1697877177000 2.270544e+04
1697877187000 2.267178e+04
1697877197000 2.268195e+04
1697877207000 2.263163e+04
1697877217000 2.262245e+04
1697877227000 2.258525e+04
1697877237000 2.259601e+04
1697877247000 2.259167e+04
1697877257000 2.254786e+04
1697877267000 2.254963e+04
1697877277000 2.251518e+04
1697877287000 2.251771e+04
1697877297000 2.250524e+04
1697877307000 2.248333e+04
1697877317000 2.246395e+04
1697877327000 2.247417e+04
1697877337000 2.244295e+04
1697877347000 2.244062e+04
1697877357000 2.240797e+04
1697877367000 2.239454e+04
1697877377000 2.239106e+04
1697877387000 2.237406e+04
1697877397000 2.235243e+04
1697877407000 2.233296e+04
1697877417000 2.231146e+04
1697877427000 2.228354e+04
1697877437000 2.230271e+04
1697877447000 2.228094e+04
1697877457000 2.225646e+04
1697877467000 2.224289e+04
1697877477000 2.222983e+04
1697877487000 2.221084e+04
1697877497000 2.219753e+04
1697877507000 2.219466e+04
1697877517000 2.217545e+04
1697877527000 2.215092e+04
1697877537000 2.215016e+04
1697877547000 2.212401e+04
1697877557000 2.210847e+04
1697877567000 2.210127e+04
1697877577000 2.211041e+04
1697877587000 2.210093e+04
1697877597000 2.204682e+04
1697877607000 2.205192e+04
1697877617000 2.203624e+04
1697877627000 2.203195e+04
1697877637000 2.202389e+04
1697877647000 2.200812e+04
1697877657000 2.198915e+04
1697877667000 2.198598e+04
1697877677000 2.195874e+04
1697877687000 2.194522e+04
1697877697000 2.193526e+04
1697877707000 2.191283e+04
1697877717000 2.190614e+04
1697877727000 2.189858e+04
1697877737000 2.186980e+04
1697877747000 2.186580e+04
1697877757000 2.184227e+04
1697877767000 2.182744e+04
1697877777000 2.181659e+04
1697877787000 2.182256e+04
1697877797000 2.178122e+04
1697877807000 2.176612e+04
1697877817000 2.176398e+04
1697877827000 2.175373e+04
1697877837000 2.172370e+04
1697877847000 2.172370e+04
1697877857000 2.171276e+04
1697877867000 2.168585e+04
1697877877000 2.166151e+04
1697877887000 2.165182e+04
1697877897000 2.164155e+04
1697877907000 2.162725e+04
1697877917000 2.161009e+04
1697877927000 2.159635e+04
1697877937000 2.157926e+04
1697877947000 2.156898e+04
1697877957000 2.156299e+04
1697877967000 2.153938e+04
1697877969000 2.024306e+04
