# timestamp_ms interaction_rate
1697878658000 1.950207e+04
1697878668000 2.048808e+04
1697878678000 2.050113e+04
1697878688000 2.045590e+04
1697878698000 2.044932e+04
1697878708000 2.045218e+04
1697878718000 2.043997e+04
1697878728000 2.042932e+04
1697878738000 2.041966e+04
1697878748000 2.040441e+04
1697878758000 2.038217e+04
1697878768000 2.037538e+04
1697878778000 2.035651e+04
1697878788000 2.034030e+04
1697878798000 2.032669e+04
1697878808000 2.032058e+04
1697878818000 2.028347e+04
1697878828000 2.028577e+04
1697878838000 2.026923e+04
1697878848000 2.025232e+04
1697878858000 2.023809e+04
1697878868000 2.022347e+04
1697878878000 2.019835e+04
1697878888000 2.018708e+04
1697878898000 2.017767e+04
1697878908000 2.016391e+04
1697878918000 2.014498e+04
1697878928000 2.011879e+04
1697878938000 2.011837e+04
1697878948000 2.011160e+04
1697878958000 2.008751e+04
1697878968000 2.007196e+04
1697878978000 2.006933e+04
1697878988000 2.006918e+04
1697878998000 2.005774e+04
1697879008000 2.001297e+04
1697879018000 1.995773e+04
1697879028000 1.992993e+04
1697879038000 1.990191e+04
1697879048000 1.988324e+04
1697879058000 1.986496e+04
1697879068000 1.986114e+04
1697879078000 1.982523e+04
1697879088000 1.982562e+04
1697879098000 1.979489e+04
1697879108000 1.979398e+04
1697879118000 1.976654e+04
1697879128000 1.975446e+04
1697879138000 1.974513e+04
1697879148000 1.973810e+04
1697879158000 1.972378e+04
1697879168000 1.969670e+04
1697879178000 1.969120e+04
1697879188000 1.968083e+04
1697879198000 1.966863e+04
1697879208000 1.964749e+04
1697879218000 1.965556e+04
1697879228000 1.962067e+04
1697879238000 1.960066e+04
1697879248000 1.959652e+04
1697879258000 1.957893e+04
1697879268000 1.956369e+04
1697879278000 1.955911e+04
1697879288000 1.953322e+04
1697879298000 1.951127e+04
1697879308000 1.951729e+04
1697879318000 1.949804e+04
1697879328000 1.948773e+04
1697879338000 1.948739e+04
1697879348000 1.946536e+04
1697879358000 1.946674e+04
1697879368000 1.945307e+04
1697879378000 1.942997e+04
1697879388000 1.943754e+04
1697879398000 1.940791e+04
1697879408000 1.939108e+04
1697879418000 1.939001e+04
1697879428000 1.938549e+04
1697879438000 1.936199e+04
1697879448000 1.934578e+04
1697879458000 1.934713e+04
1697879468000 1.932842e+04
1697879478000 1.933411e+04
1697879488000 1.931206e+04
1697879498000 1.929208e+04
1697879508000 1.928938e+04
1697879518000 1.928855e+04
1697879528000 1.925609e+04
1697879538000 1.926062e+04
1697879548000 1.923452e+04
1697879558000 1.923228e+04
1697879568000 1.921532e+04
1697879578000 1.918690e+04
1697879588000 1.918070e+04
1697879598000 1.916342e+04
1697879608000 1.917346e+04
1697879618000 1.912871e+04
1697879628000 1.913442e+04
1697879638000 1.913052e+04
1697879648000 1.910663e+04
1697879658000 1.910409e+04
1697879668000 1.909999e+04
1697879678000 1.909276e+04
1697879688000 1.905488e+04
1697879698000 1.905265e+04
1697879708000 1.903535e+04
1697879718000 1.902310e+04
1697879728000 1.901155e+04
1697879738000 1.900658e+04
1697879748000 1.897702e+04
1697879758000 1.898580e+04
1697879768000 1.897476e+04
1697879778000 1.894751e+04
1697879788000 1.894472e+04
1697879798000 1.891279e+04
1697879808000 1.892027e+04
1697879818000 1.891163e+04
1697879828000 1.889802e+04
1697879838000 1.888451e+04
1697879848000 1.886370e+04
1697879858000 1.883930e+04
1697879868000 1.884455e+04
1697879878000 1.883901e+04
1697879888000 1.882292e+04
1697879898000 1.880014e+04
1697879908000 1.878910e+04
1697879918000 1.878039e+04
1697879928000 1.875755e+04
1697879938000 1.875002e+04
1697879948000 1.873415e+04
1697879958000 1.870978e+04
1697879968000 1.870650e+04
1697879978000 1.869457e+04
1697879988000 1.867655e+04
1697879998000 1.865829e+04
1697880008000 1.863272e+04
1697880018000 1.864316e+04
1697880028000 1.863509e+04
1697880038000 1.861822e+04
1697880048000 1.860419e+04
1697880058000 1.857247e+04
1697880068000 1.855892e+04
1697880078000 1.855558e+04
1697880088000 1.854630e+04
1697880098000 1.852053e+04
1697880108000 1.850092e+04
1697880118000 1.848006e+04
1697880128000 1.848785e+04
1697880138000 1.844256e+04
1697880148000 1.843346e+04
1697880158000 1.841680e+04
1697880168000 1.840646e+04
1697880178000 1.839616e+04
1697880188000 1.838350e+04
1697880198000 1.835144e+04
1697880208000 1.834004e+04
1697880218000 1.831976e+04
1697880228000 1.831275e+04
1697880238000 1.829923e+04
1697880248000 1.828249e+04
1697880258000 1.826248e+04
1697880268000 1.823320e+04
1697880278000 1.820584e+04
1697880288000 1.819298e+04
1697880298000 1.819632e+04
1697880308000 1.817590e+04
1697880318000 1.816772e+04
1697880328000 1.814095e+04
1697880338000 1.810376e+04
1697880348000 1.810549e+04
1697880358000 1.808995e+04
1697880368000 1.805771e+04
1697880378000 1.805981e+04
1697880388000 1.802515e+04
1697880398000 1.802422e+04
1697880408000 1.799128e+04
1697880418000 1.796159e+04
1697880428000 1.794715e+04
1697880438000 1.793621e+04
1697880448000 1.791770e+04
1697880458000 1.790832e+04
1697880468000 1.788935e+04
1697880478000 1.786259e+04
1697880488000 1.785952e+04
1697880498000 1.781831e+04
1697880508000 1.783813e+04
1697880518000 1.779110e+04
1697880528000 1.776465e+04
1697880538000 1.775930e+04
1697880548000 1.771526e+04
1697880558000 1.771347e+04
1697880568000 1.769531e+04
1697880578000 1.768865e+04
1697880588000 1.766120e+04
1697880598000 1.766056e+04
1697880608000 1.764611e+04
1697880618000 1.762498e+04
1697880628000 1.761186e+04
1697880638000 1.760164e+04
1697880648000 1.757600e+04
1697880658000 1.753680e+04
1697880668000 1.753507e+04
1697880678000 1.751747e+04
1697880688000 1.747984e+04
1697880698000 1.748136e+04
1697880708000 1.746252e+04
1697880718000 1.746008e+04
1697880728000 1.744487e+04
1697880738000 1.740089e+04
1697880748000 1.740489e+04
1697880758000 1.740153e+04
1697880768000 1.737514e+04
1697880778000 1.736000e+04
1697880788000 1.734260e+04
1697880798000 1.731795e+04
1697880808000 1.732913e+04
1697880818000 1.731779e+04
1697880828000 1.730738e+04
1697880838000 1.729443e+04
1697880848000 1.725909e+04
1697880858000 1.725394e+04
1697880868000 1.723465e+04
1697880878000 1.722186e+04
1697880888000 1.722803e+04
1697880898000 1.719541e+04
1697880908000 1.718513e+04
1697880918000 1.717381e+04
1697880928000 1.715075e+04
1697880938000 1.714477e+04
1697880948000 1.713317e+04
1697880958000 1.714046e+04
1697880968000 1.712074e+04
1697880978000 1.710904e+04
1697880988000 1.710410e+04
1697880998000 1.710059e+04
1697881008000 1.709343e+04
1697881018000 1.708092e+04
1697881028000 1.708421e+04
1697881038000 1.705600e+04
1697881048000 1.705114e+04
1697881058000 1.704931e+04
1697881068000 1.701659e+04
1697881078000 1.701415e+04
1697881088000 1.702831e+04
1697881098000 1.701344e+04
1697881108000 1.700762e+04
1697881118000 1.698885e+04
1697881128000 1.698241e+04
1697881138000 1.696386e+04
1697881148000 1.697228e+04
1697881158000 1.697060e+04
1697881168000 1.697797e+04
1697881178000 1.694148e+04
1697881188000 1.695138e+04
1697881198000 1.694066e+04
1697881208000 1.693382e+04
1697881218000 1.692049e+04
1697881228000 1.691957e+04
1697881238000 1.691033e+04
1697881248000 1.689053e+04
1697881258000 1.688632e+04
1697881268000 1.687684e+04
1697881278000 1.685284e+04
1697881288000 1.688671e+04
1697881298000 1.685224e+04
1697881308000 1.684997e+04
1697881318000 1.683706e+04
1697881328000 1.685257e+04
1697881338000 1.682568e+04
1697881348000 1.682459e+04
1697881358000 1.681307e+04
1697881368000 1.681132e+04
1697881378000 1.682346e+04
1697881388000 1.680249e+04
1697881398000 1.680290e+04
1697881408000 1.678932e+04
1697881418000 1.678999e+04
1697881428000 1.677823e+04
1697881438000 1.675149e+04
1697881448000 1.674551e+04
1697881458000 1.674545e+04
1697881468000 1.673992e+04
1697881478000 1.671751e+04
1697881488000 1.672208e+04
1697881498000 1.670339e+04
1697881508000 1.669369e+04
1697881518000 1.667661e+04
1697881528000 1.667904e+04
1697881538000 1.664243e+04
1697881548000 1.664120e+04
1697881558000 1.662787e+04
1697881568000 1.661226e+04
1697881578000 1.660573e+04
1697881588000 1.660135e+04
1697881598000 1.659239e+04
1697881608000 1.659069e+04
1697881618000 1.657889e+04
1697881628000 1.655871e+04
1697881638000 1.655663e+04
1697881648000 1.655997e+04
1697881658000 1.654972e+04
1697881668000 1.652945e+04
1697881678000 1.652279e+04
1697881688000 1.652272e+04
1697881698000 1.651018e+04
1697881708000 1.648647e+04
1697881718000 1.650483e+04
1697881728000 1.648924e+04
1697881738000 1.646680e+04
1697881748000 1.647045e+04
1697881758000 1.644423e+04
1697881768000 1.643970e+04
1697881778000 1.643922e+04
1697881788000 1.642300e+04
1697881798000 1.642251e+04
1697881808000 1.641454e+04
1697881818000 1.639223e+04
1697881828000 1.641453e+04
1697881838000 1.637967e+04
1697881848000 1.638013e+04
1697881858000 1.635431e+04
1697881868000 1.637168e+04
1697881878000 1.636414e+04
1697881888000 1.635652e+04
1697881898000 1.633954e+04
1697881908000 1.630895e+04
1697881918000 1.631745e+04
1697881928000 1.634074e+04
1697881938000 1.631502e+04
1697881948000 1.631113e+04
1697881958000 1.628624e+04
1697881968000 1.628102e+04
1697881978000 1.627728e+04
1697881988000 1.627776e+04
1697881998000 1.625504e+04
1697882008000 1.623685e+04
1697882018000 1.624783e+04
1697882028000 1.623338e+04
1697882038000 1.620946e+04
1697882048000 1.620193e+04
1697882058000 1.618885e+04
1697882068000 1.618450e+04
1697882078000 1.618283e+04
1697882088000 1.615429e+04
1697882098000 1.615087e+04
1697882108000 1.613584e+04
1697882118000 1.614058e+04
1697882128000 1.613494e+04
1697882138000 1.613247e+04
1697882148000 1.612267e+04
1697882158000 1.610987e+04
1697882168000 1.608532e+04
1697882178000 1.609279e+04
1697882188000 1.606718e+04
1697882198000 1.605917e+04
1697882208000 1.604768e+04
1697882218000 1.603266e+04
1697882228000 1.602077e+04
1697882238000 1.599932e+04
1697882248000 1.601403e+04
1697882258000 1.600314e+04
1697882268000 1.599764e+04
1697882278000 1.597810e+04
1697882288000 1.596466e+04
1697882298000 1.596970e+04
1697882308000 1.593756e+04
1697882318000 1.593577e+04
1697882328000 1.593747e+04
1697882338000 1.592854e+04
1697882348000 1.591216e+04
1697882358000 1.590662e+04
1697882368000 1.589076e+04
1697882378000 1.589262e+04
1697882388000 1.588394e+04
1697882398000 1.588290e+04
1697882408000 1.586511e+04
1697882418000 1.587479e+04
1697882428000 1.585150e+04
1697882438000 1.584153e+04
1697882448000 1.582612e+04
1697882458000 1.580910e+04
1697882468000 1.581781e+04
1697882478000 1.579547e+04
1697882488000 1.579563e+04
1697882498000 1.577001e+04
1697882508000 1.576998e+04
1697882518000 1.576799e+04
1697882528000 1.576595e+04
1697882538000 1.576671e+04
1697882548000 1.574460e+04
1697882558000 1.572977e+04
1697882568000 1.573042e+04
1697882578000 1.571483e+04
1697882588000 1.571141e+04
1697882598000 1.569919e+04
1697882608000 1.567935e+04
1697882618000 1.567622e+04
1697882628000 1.567714e+04
1697882638000 1.566151e+04
1697882648000 1.565417e+04
1697882658000 1.565010e+04
1697882668000 1.563097e+04
1697882678000 1.561716e+04
1697882688000 1.561270e+04
1697882698000 1.560700e+04
1697882708000 1.558936e+04
1697882718000 1.557806e+04
1697882728000 1.557758e+04
1697882738000 1.558083e+04
1697882748000 1.555570e+04
1697882758000 1.554048e+04
1697882768000 1.554668e+04
1697882778000 1.553390e+04
1697882788000 1.550498e+04
1697882798000 1.548685e+04
1697882808000 1.549330e+04
1697882818000 1.548080e+04
1697882828000 1.546983e+04
1697882838000 1.547111e+04
1697882848000 1.532704e+04
1697882855000 1.532704e+04
