# timestamp_ms interaction_rate
1698217507000 1.260084e+04
1698217517000 1.277728e+04
1698217527000 1.276144e+04
1698217537000 1.275950e+04
1698217547000 1.274055e+04
1698217557000 1.274979e+04
1698217567000 1.273559e+04
1698217577000 1.272873e+04
1698217587000 1.271644e+04
1698217597000 1.271788e+04
1698217607000 1.271229e+04
1698217617000 1.270839e+04
1698217627000 1.269107e+04
1698217637000 1.269190e+04
1698217647000 1.268019e+04
1698217657000 1.267258e+04
1698217667000 1.265535e+04
1698217677000 1.265825e+04
1698217687000 1.265560e+04
1698217697000 1.264690e+04
1698217707000 1.263078e+04
1698217717000 1.263497e+04
1698217727000 1.262790e+04
1698217737000 1.261992e+04
1698217747000 1.261547e+04
1698217757000 1.261436e+04
1698217767000 1.260460e+04
1698217777000 1.259418e+04
1698217787000 1.258076e+04
1698217797000 1.257703e+04
1698217807000 1.258527e+04
1698217817000 1.256649e+04
1698217827000 1.255013e+04
1698217837000 1.254482e+04
1698217847000 1.255409e+04
1698217857000 1.253499e+04
1698217867000 1.252019e+04
1698217877000 1.252515e+04
1698217887000 1.250227e+04
1698217897000 1.250635e+04
1698217907000 1.249858e+04
1698217917000 1.248896e+04
1698217927000 1.247764e+04
1698217937000 1.247821e+04
1698217947000 1.246788e+04
1698217957000 1.247570e+04
1698217967000 1.245557e+04
1698217977000 1.244851e+04
1698217987000 1.245314e+04
1698217997000 1.243545e+04
1698218007000 1.243373e+04
1698218017000 1.242158e+04
1698218027000 1.241704e+04
1698218037000 1.240820e+04
1698218047000 1.240049e+04
1698218057000 1.240599e+04
1698218067000 1.237151e+04
1698218077000 1.237470e+04
1698218087000 1.235911e+04
1698218097000 1.236050e+04
1698218107000 1.235109e+04
1698218117000 1.234843e+04
1698218127000 1.233397e+04
1698218137000 1.233198e+04
1698218147000 1.232323e+04
1698218157000 1.233568e+04
1698218167000 1.229868e+04
1698218177000 1.229463e+04
1698218187000 1.228685e+04
1698218197000 1.226828e+04
1698218207000 1.227257e+04
1698218217000 1.227012e+04
1698218227000 1.226128e+04
1698218237000 1.225522e+04
1698218247000 1.223663e+04
1698218257000 1.223410e+04
1698218267000 1.221973e+04
1698218277000 1.221917e+04
1698218287000 1.220638e+04
1698218297000 1.221182e+04
1698218307000 1.218711e+04
1698218317000 1.217729e+04
1698218327000 1.217892e+04
1698218337000 1.217775e+04
1698218347000 1.216056e+04
1698218357000 1.216535e+04
1698218367000 1.215654e+04
1698218377000 1.214371e+04
1698218387000 1.212562e+04
1698218397000 1.211820e+04
1698218407000 1.211610e+04
1698218417000 1.210598e+04
1698218427000 1.209656e+04
1698218437000 1.209720e+04
1698218447000 1.209731e+04
1698218457000 1.208820e+04
1698218467000 1.208327e+04
1698218477000 1.206197e+04
1698218487000 1.206034e+04
1698218497000 1.206350e+04
1698218507000 1.205926e+04
1698218517000 1.204958e+04
1698218527000 1.204840e+04
1698218537000 1.202945e+04
1698218547000 1.203900e+04
1698218557000 1.202204e+04
1698218567000 1.201742e+04
1698218577000 1.201330e+04
1698218587000 1.201495e+04
1698218597000 1.200798e+04
1698218607000 1.200677e+04
1698218617000 1.199457e+04
1698218627000 1.199141e+04
1698218637000 1.198558e+04
1698218647000 1.198225e+04
1698218657000 1.198652e+04
1698218667000 1.197369e+04
1698218677000 1.196634e+04
1698218687000 1.195190e+04
1698218697000 1.195423e+04
1698218707000 1.195183e+04
1698218717000 1.194841e+04
1698218727000 1.194980e+04
1698218737000 1.192619e+04
1698218747000 1.193186e+04
1698218757000 1.192272e+04
1698218767000 1.192518e+04
1698218777000 1.191614e+04
1698218787000 1.191968e+04
1698218797000 1.190414e+04
1698218807000 1.189596e+04
1698218817000 1.189249e+04
1698218827000 1.188879e+04
1698218837000 1.187831e+04
1698218847000 1.187065e+04
1698218857000 1.187069e+04
1698218867000 1.185652e+04
1698218877000 1.186200e+04
1698218887000 1.184507e+04
1698218897000 1.184195e+04
1698218907000 1.183519e+04
1698218917000 1.183385e+04
1698218927000 1.181829e+04
1698218937000 1.181940e+04
1698218947000 1.179384e+04
1698218957000 1.179265e+04
1698218967000 1.178946e+04
1698218977000 1.178206e+04
1698218987000 1.178151e+04
1698218997000 1.176705e+04
1698219007000 1.175376e+04
1698219017000 1.173710e+04
1698219027000 1.174353e+04
1698219037000 1.172717e+04
1698219047000 1.171935e+04
1698219057000 1.171301e+04
1698219067000 1.170032e+04
1698219077000 1.167992e+04
1698219087000 1.167843e+04
1698219097000 1.167983e+04
1698219107000 1.165920e+04
1698219117000 1.165558e+04
1698219127000 1.166140e+04
1698219137000 1.164436e+04
1698219147000 1.163610e+04
1698219157000 1.161808e+04
1698219167000 1.162209e+04
1698219177000 1.161546e+04
1698219187000 1.160482e+04
1698219197000 1.159032e+04
1698219207000 1.159397e+04
1698219217000 1.158417e+04
1698219227000 1.156097e+04
1698219237000 1.157021e+04
1698219247000 1.154793e+04
1698219257000 1.153373e+04
1698219267000 1.150785e+04
1698219277000 1.150267e+04
1698219287000 1.149982e+04
1698219297000 1.149163e+04
1698219307000 1.148882e+04
1698219317000 1.146096e+04
1698219327000 1.145509e+04
1698219337000 1.144478e+04
1698219347000 1.144980e+04
1698219357000 1.144111e+04
1698219367000 1.142775e+04
1698219377000 1.142884e+04
1698219387000 1.141699e+04
1698219397000 1.141533e+04
1698219407000 1.140423e+04
1698219417000 1.139194e+04
1698219427000 1.138696e+04
1698219437000 1.138660e+04
1698219447000 1.138182e+04
1698219457000 1.138141e+04
1698219467000 1.137726e+04
1698219477000 1.136132e+04
1698219487000 1.134403e+04
1698219497000 1.136566e+04
1698219507000 1.134256e+04
1698219517000 1.134389e+04
1698219527000 1.135245e+04
1698219537000 1.131780e+04
1698219547000 1.132426e+04
1698219557000 1.131652e+04
1698219567000 1.130829e+04
1698219577000 1.131920e+04
1698219587000 1.130979e+04
1698219597000 1.129696e+04
1698219607000 1.129454e+04
1698219617000 1.127602e+04
1698219627000 1.128878e+04
1698219637000 1.128220e+04
1698219647000 1.126768e+04
1698219657000 1.128085e+04
1698219667000 1.127037e+04
1698219677000 1.126167e+04
1698219687000 1.125424e+04
1698219697000 1.123854e+04
1698219707000 1.125069e+04
1698219717000 1.123842e+04
1698219727000 1.123910e+04
1698219737000 1.123500e+04
1698219747000 1.122801e+04
1698219757000 1.121575e+04
1698219767000 1.121014e+04
1698219777000 1.121367e+04
1698219787000 1.120407e+04
1698219797000 1.119800e+04
1698219807000 1.118883e+04
1698219817000 1.118032e+04
1698219827000 1.117756e+04
1698219837000 1.118113e+04
1698219847000 1.117926e+04
1698219857000 1.117831e+04
1698219867000 1.115596e+04
1698219877000 1.115941e+04
1698219887000 1.116055e+04
1698219897000 1.115783e+04
1698219907000 1.115749e+04
1698219917000 1.114648e+04
1698219927000 1.114587e+04
1698219937000 1.113561e+04
1698219947000 1.111981e+04
1698219957000 1.112425e+04
1698219967000 1.111979e+04
1698219977000 1.111139e+04
1698219987000 1.111702e+04
1698219997000 1.109613e+04
1698220007000 1.109352e+04
1698220017000 1.109450e+04
1698220027000 1.107476e+04
1698220037000 1.108185e+04
1698220047000 1.107706e+04
1698220057000 1.107777e+04
1698220067000 1.108117e+04
1698220077000 1.107189e+04
1698220087000 1.106032e+04
1698220097000 1.105367e+04
1698220107000 1.105773e+04
1698220117000 1.104712e+04
1698220127000 1.105031e+04
1698220137000 1.104847e+04
1698220147000 1.104218e+04
1698220157000 1.103916e+04
1698220167000 1.102798e+04
1698220177000 1.103866e+04
1698220187000 1.101498e+04
1698220197000 1.101785e+04
1698220207000 1.101308e+04
1698220217000 1.098762e+04
1698220227000 1.099901e+04
1698220237000 1.098465e+04
1698220247000 1.098628e+04
1698220257000 1.099693e+04
1698220267000 1.097975e+04
1698220277000 1.097942e+04
1698220287000 1.096624e+04
1698220297000 1.095619e+04
1698220307000 1.095663e+04
1698220317000 1.096181e+04
1698220327000 1.095609e+04
1698220337000 1.094893e+04
1698220347000 1.095187e+04
1698220357000 1.093499e+04
1698220367000 1.092961e+04
1698220377000 1.092653e+04
1698220387000 1.092409e+04
1698220397000 1.091926e+04
1698220407000 1.091974e+04
1698220417000 1.091219e+04
1698220427000 1.091066e+04
1698220437000 1.090120e+04
1698220447000 1.090523e+04
1698220457000 1.088562e+04
1698220467000 1.088519e+04
1698220477000 1.089216e+04
1698220487000 1.086564e+04
1698220497000 1.087303e+04
1698220507000 1.086516e+04
1698220517000 1.085647e+04
1698220527000 1.084009e+04
1698220537000 1.085031e+04
1698220547000 1.084957e+04
1698220557000 1.082728e+04
1698220567000 1.084001e+04
1698220577000 1.083902e+04
1698220587000 1.082519e+04
1698220597000 1.081563e+04
1698220607000 1.081550e+04
1698220617000 1.080829e+04
1698220627000 1.080951e+04
1698220637000 1.080602e+04
1698220647000 1.079085e+04
1698220657000 1.080210e+04
1698220667000 1.078128e+04
1698220677000 1.076561e+04
1698220687000 1.078110e+04
1698220697000 1.076486e+04
1698220707000 1.075653e+04
1698220717000 1.077096e+04
1698220727000 1.074959e+04
1698220737000 1.074467e+04
1698220747000 1.074333e+04
1698220757000 1.073308e+04
1698220767000 1.072489e+04
1698220777000 1.072894e+04
1698220787000 1.072567e+04
1698220797000 1.070479e+04
1698220807000 1.070235e+04
1698220817000 1.070129e+04
1698220827000 1.068000e+04
1698220837000 1.069033e+04
1698220847000 1.068368e+04
1698220857000 1.067038e+04
1698220867000 1.067524e+04
1698220877000 1.066446e+04
1698220887000 1.065974e+04
1698220897000 1.065053e+04
1698220907000 1.065762e+04
1698220917000 1.063055e+04
1698220927000 1.063179e+04
1698220937000 1.062557e+04
1698220947000 1.063005e+04
1698220957000 1.062814e+04
1698220967000 1.061482e+04
1698220977000 1.060497e+04
1698220987000 1.060748e+04
1698220997000 1.060098e+04
1698221007000 1.059216e+04
1698221017000 1.059818e+04
1698221027000 1.059776e+04
1698221037000 1.057158e+04
1698221047000 1.056932e+04
1698221057000 1.056197e+04
1698221067000 1.056975e+04
1698221077000 1.056612e+04
1698221087000 1.055341e+04
1698221097000 1.055976e+04
1698221107000 1.054042e+04
1698221117000 1.054478e+04
1698221127000 1.053310e+04
1698221137000 1.053548e+04
1698221147000 1.051621e+04
1698221157000 1.052173e+04
1698221167000 1.051363e+04
1698221177000 1.050265e+04
1698221187000 1.050044e+04
1698221197000 1.050555e+04
1698221207000 1.048863e+04
1698221217000 1.048657e+04
1698221227000 1.047363e+04
1698221237000 1.047553e+04
1698221247000 1.047260e+04
1698221257000 1.046596e+04
1698221267000 1.045651e+04
1698221277000 1.045702e+04
1698221287000 1.044340e+04
1698221297000 1.044125e+04
1698221307000 1.043837e+04
1698221317000 1.042609e+04
1698221327000 1.042570e+04
1698221337000 1.041777e+04
1698221347000 1.040856e+04
1698221357000 1.040684e+04
1698221367000 1.040936e+04
1698221377000 1.040477e+04
1698221387000 1.039611e+04
1698221397000 1.038294e+04
1698221407000 1.038056e+04
1698221417000 1.037308e+04
1698221427000 1.037220e+04
1698221437000 1.036861e+04
1698221447000 1.036103e+04
1698221457000 1.034805e+04
1698221467000 1.035126e+04
1698221477000 1.035341e+04
1698221487000 1.033521e+04
1698221497000 1.032827e+04
1698221507000 1.031528e+04
1698221517000 1.032415e+04
1698221527000 1.033398e+04
1698221537000 1.034231e+04
1698221547000 1.032933e+04
1698221557000 1.029904e+04
1698221567000 1.029961e+04
1698221577000 1.030244e+04
1698221587000 1.029554e+04
1698221597000 1.029479e+04
1698221607000 1.029418e+04
1698221617000 1.027273e+04
1698221627000 1.026283e+04
1698221637000 1.025730e+04
1698221647000 1.026011e+04
1698221657000 1.026383e+04
1698221667000 1.024178e+04
1698221677000 1.024691e+04
1698221687000 1.023606e+04
1698221697000 1.023070e+04
1698221707000 1.022706e+04
1698221717000 1.022272e+04
1698221727000 1.021355e+04
1698221737000 1.022454e+04
1698221747000 1.020646e+04
1698221757000 1.019910e+04
1698221767000 1.020882e+04
1698221777000 1.018818e+04
1698221787000 1.019435e+04
1698221797000 1.017040e+04
1698221807000 1.018407e+04
1698221817000 1.017577e+04
1698221827000 1.017224e+04
1698221837000 1.016434e+04
1698221847000 1.015709e+04
1698221857000 1.014639e+04
1698221867000 1.015920e+04
1698221877000 1.015828e+04
1698221887000 1.014716e+04
1698221897000 1.014203e+04
1698221907000 1.013064e+04
1698221917000 1.011733e+04
1698221927000 1.011934e+04
1698221937000 1.011360e+04
1698221947000 1.007293e+04
1698221957000 9.558169e+03
1698221967000 8.792037e+03
1698221977000 7.977232e+03
1698221987000 6.666465e+03
1698221997000 5.232140e+03
1698222007000 3.766122e+03
1698222017000 3.763883e+03
1698222027000 3.758193e+03
1698222037000 3.070156e+03
1698222047000 2.463912e+03
1698222057000 2.478817e+03
1698222067000 2.486003e+03
1698222077000 2.489927e+03
1698222087000 1.562769e+03
1698222097000 1.096746e+03
1698222107000 7.986835e+02
1698222117000 4.770401e+02
1698222127000 3.802086e+02
1698222137000 3.773036e+02
1698222147000 3.834270e+02
1698222157000 2.690583e+02
1698222167000 1.621515e+02
1698222177000 6.321254e+01
1698222187000 5.962159e+01
1698222197000 5.982069e+01
1698222207000 6.113560e+01
1698222217000 6.005739e+01
1698222227000 6.028670e+01
1698222237000 6.160163e+01
1698222247000 6.158577e+01
1698222257000 6.792163e+01
1698222267000 7.754942e+01
1698222277000 7.948011e+01
1698222287000 7.954792e+01
1698222297000 7.980855e+01
1698222307000 8.134109e+01
1698222317000 8.186073e+01
1698222327000 8.185973e+01
1698222337000 8.378181e+01
1698222347000 8.365538e+01
1698222357000 8.527036e+01
1698222367000 5.380331e+01
1698222377000 4.597912e+01
1698222387000 4.764293e+01
1698222397000 4.668399e+01
1698222407000 4.616207e+01
1698222417000 4.704442e+01
1698222427000 4.696557e+01
1698222437000 4.690202e+01
1698222447000 4.790517e+01
1698222457000 4.790517e+01
1698222467000 4.821144e+01
1698222477000 4.848513e+01
1698222487000 4.730361e+01
1698222497000 4.795968e+01
1698222507000 4.868129e+01
1698222517000 4.982720e+01
1698222527000 4.975212e+01
1698222537000 4.922473e+01
1698222547000 4.870192e+01
1698222557000 4.918311e+01
1698222567000 5.014091e+01
1698222577000 5.017071e+01
1698222587000 5.022160e+01
1698222597000 4.999212e+01
1698222607000 4.920594e+01
1698222617000 4.993335e+01
1698222627000 5.020351e+01
1698222637000 5.061926e+01
1698222647000 4.980761e+01
1698222657000 4.958516e+01
1698222667000 4.965918e+01
1698222677000 4.865147e+01
1698222687000 4.951986e+01
1698222697000 4.983246e+01
1698222707000 4.933565e+01
1698222717000 5.017926e+01
1698222727000 5.071073e+01
1698222737000 4.876274e+01
1698222747000 4.876274e+01
1698222757000 4.952618e+01
1698222767000 4.953295e+01
1698222777000 4.914399e+01
1698222787000 4.795185e+01
1698222797000 4.772119e+01
1698222807000 4.713639e+01
1698222817000 4.814878e+01
1698222827000 4.799378e+01
1698222837000 4.725269e+01
1698222847000 4.702324e+01
1698222857000 4.720933e+01
1698222867000 4.661390e+01
1698222877000 4.724260e+01
1698222887000 4.660696e+01
1698222897000 4.623780e+01
1698222907000 4.545499e+01
1698222917000 4.521358e+01
1698222927000 4.414421e+01
1698222937000 4.425486e+01
1698222947000 4.438439e+01
1698222957000 4.530325e+01
1698222967000 4.412220e+01
1698222977000 4.350683e+01
1698222987000 4.295593e+01
1698222997000 4.282258e+01
1698223007000 4.303441e+01
1698223017000 4.253072e+01
1698223027000 4.325300e+01
1698223037000 4.256960e+01
1698223047000 4.174372e+01
1698223057000 4.235876e+01
1698223067000 4.167909e+01
1698223077000 4.143421e+01
1698223087000 4.276740e+01
1698223097000 4.136862e+01
1698223107000 4.173254e+01
1698223117000 4.091572e+01
1698223127000 4.046136e+01
1698223137000 3.998898e+01
1698223147000 4.008213e+01
1698223157000 4.074615e+01
1698223167000 4.003695e+01
1698223177000 3.949861e+01
1698223187000 4.009708e+01
1698223197000 3.894828e+01
1698223207000 3.865291e+01
1698223217000 3.743404e+01
1698223227000 3.928347e+01
1698223237000 3.774390e+01
1698223247000 3.666931e+01
1698223257000 3.747651e+01
1698223267000 3.798953e+01
1698223277000 3.728242e+01
1698223287000 3.647395e+01
1698223297000 3.580608e+01
1698223307000 3.544360e+01
1698223317000 3.445790e+01
1698223327000 2.764845e+01
1698223337000 2.870068e+01
1698223347000 2.849851e+01
1698223357000 2.797582e+01
1698223367000 2.751501e+01
1698223377000 2.716719e+01
1698223387000 2.799011e+01
1698223397000 2.843367e+01
1698223407000 2.730838e+01
1698223417000 2.641982e+01
1698223427000 2.700156e+01
1698223437000 2.715820e+01
1698223447000 2.712313e+01
1698223457000 2.660694e+01
1698223467000 2.969909e+01
1698223477000 3.303139e+01
1698223487000 3.934332e+01
1698223497000 5.267785e+01
1698223507000 5.312456e+01
1698223517000 5.187234e+01
1698223527000 5.112584e+01
1698223537000 5.021889e+01
1698223547000 5.066254e+01
1698223557000 5.048553e+01
1698223567000 5.108292e+01
1698223577000 4.883926e+01
1698223587000 5.015581e+01
1698223597000 5.018797e+01
1698223607000 5.057517e+01
1698223617000 4.995674e+01
1698223627000 4.961670e+01
1698223637000 4.891494e+01
1698223647000 4.872224e+01
1698223657000 4.888251e+01
1698223667000 4.882890e+01
1698223677000 4.894344e+01
1698223687000 4.820467e+01
1698223697000 4.730343e+01
1698223707000 4.741513e+01
1698223717000 4.761055e+01
1698223727000 4.704123e+01
1698223737000 4.740072e+01
1698223747000 4.664044e+01
1698223757000 4.779750e+01
1698223767000 4.652916e+01
1698223777000 4.602043e+01
1698223787000 4.669172e+01
1698223797000 4.704138e+01
1698223807000 4.745024e+01
1698223817000 4.682060e+01
1698223827000 4.568530e+01
1698223837000 4.446401e+01
1698223847000 4.497497e+01
1698223857000 4.585608e+01
1698223867000 4.602790e+01
1698223877000 4.517794e+01
1698223887000 4.573645e+01
1698223897000 4.505904e+01
1698223907000 4.570361e+01
1698223917000 4.514432e+01
1698223927000 4.456118e+01
1698223937000 4.365449e+01
1698223947000 4.503782e+01
1698223957000 4.529645e+01
1698223967000 4.476638e+01
1698223977000 4.403533e+01
1698223987000 4.396759e+01
1698223997000 4.330711e+01
1698224007000 4.313659e+01
1698224017000 4.322784e+01
1698224027000 4.380190e+01
1698224037000 4.380040e+01
1698224047000 4.434560e+01
1698224057000 4.349524e+01
1698224067000 4.247516e+01
1698224077000 4.324225e+01
1698224087000 4.231339e+01
1698224097000 4.214099e+01
1698224107000 4.250250e+01
1698224117000 4.221461e+01
1698224127000 4.193405e+01
1698224137000 4.214690e+01
1698224147000 4.317095e+01
1698224157000 4.211124e+01
1698224167000 4.155164e+01
1698224177000 4.110993e+01
1698224187000 4.010175e+01
1698224197000 3.971974e+01
1698224207000 3.958253e+01
1698224217000 3.958648e+01
1698224227000 3.994539e+01
1698224237000 3.947374e+01
1698224247000 3.900103e+01
1698224257000 3.923790e+01
1698224267000 3.936599e+01
1698224277000 3.910192e+01
1698224287000 3.837050e+01
1698224297000 3.754830e+01
1698224307000 3.773376e+01
1698224317000 3.696236e+01
1698224327000 3.781663e+01
1698224337000 3.771422e+01
1698224347000 3.835160e+01
1698224357000 3.854550e+01
1698224367000 3.845060e+01
1698224377000 3.840327e+01
1698224387000 3.851920e+01
1698224397000 3.816760e+01
1698224407000 3.741901e+01
1698224417000 3.739800e+01
1698224427000 3.800073e+01
1698224437000 3.767477e+01
1698224447000 3.732955e+01
1698224457000 3.745599e+01
1698224467000 3.735804e+01
1698224477000 3.718248e+01
1698224487000 3.762500e+01
1698224497000 3.692307e+01
1698224507000 3.713432e+01
1698224517000 3.588111e+01
1698224527000 3.801086e+01
1698224537000 4.693941e+01
1698224547000 4.643179e+01
1698224557000 4.641220e+01
1698224567000 4.588894e+01
1698224577000 4.607359e+01
1698224587000 4.581565e+01
1698224597000 4.493612e+01
1698224607000 4.524291e+01
1698224617000 4.426685e+01
1698224627000 4.494891e+01
1698224637000 4.509147e+01
1698224647000 4.415638e+01
1698224657000 4.461865e+01
1698224667000 4.584094e+01
1698224677000 4.422270e+01
1698224687000 4.547621e+01
1698224697000 4.448287e+01
1698224707000 4.491088e+01
1698224717000 4.490034e+01
1698224727000 4.567538e+01
1698224737000 4.551517e+01
1698224747000 4.608555e+01
1698224757000 4.553867e+01
1698224767000 4.519118e+01
1698224777000 4.496575e+01
1698224787000 4.495174e+01
1698224797000 4.487390e+01
1698224807000 4.550287e+01
1698224817000 4.491650e+01
1698224827000 4.549503e+01
1698224837000 4.611438e+01
1698224847000 4.466687e+01
1698224857000 4.475008e+01
1698224867000 4.426862e+01
1698224877000 4.422748e+01
1698224887000 4.458254e+01
1698224897000 4.529659e+01
1698224907000 4.473043e+01
1698224917000 4.457271e+01
1698224927000 4.479178e+01
1698224937000 4.403644e+01
1698224947000 4.329702e+01
1698224957000 4.339397e+01
1698224967000 4.345921e+01
1698224977000 4.368261e+01
1698224987000 4.388556e+01
1698224997000 4.371865e+01
1698225007000 4.431638e+01
1698225017000 4.370340e+01
1698225027000 4.440607e+01
1698225037000 4.264053e+01
1698225047000 4.309092e+01
1698225057000 4.338277e+01
1698225067000 4.280987e+01
1698225077000 4.301241e+01
1698225087000 4.362457e+01
1698225097000 4.320699e+01
1698225107000 4.268092e+01
1698225117000 4.295040e+01
1698225127000 4.234620e+01
1698225137000 4.315256e+01
1698225147000 4.346551e+01
1698225157000 4.213361e+01
1698225167000 4.334895e+01
1698225177000 4.247700e+01
1698225187000 4.177037e+01
1698225197000 4.176136e+01
1698225207000 4.162833e+01
1698225217000 4.203635e+01
1698225227000 4.245995e+01
1698225237000 4.156473e+01
1698225247000 4.144576e+01
1698225257000 4.023832e+01
1698225267000 4.033849e+01
1698225277000 3.994423e+01
1698225287000 4.021318e+01
1698225297000 2.197355e+01
