# timestamp_ms interaction_rate
1698309067000 9.650397e+03
1698309077000 9.663855e+03
1698309087000 9.651646e+03
1698309097000 9.650887e+03
1698309107000 9.637102e+03
1698309117000 9.633556e+03
1698309127000 9.624667e+03
1698309137000 9.623209e+03
1698309147000 9.631083e+03
1698309157000 9.614612e+03
1698309167000 9.604439e+03
1698309177000 9.614531e+03
1698309187000 9.601822e+03
1698309197000 9.607998e+03
1698309207000 9.600387e+03
1698309217000 9.587703e+03
1698309227000 9.595788e+03
1698309237000 9.589394e+03
1698309247000 9.588086e+03
1698309257000 9.573667e+03
1698309267000 9.574505e+03
1698309277000 9.579548e+03
1698309287000 9.567672e+03
1698309297000 9.559171e+03
1698309307000 9.559572e+03
1698309317000 9.554859e+03
1698309327000 9.553141e+03
1698309337000 9.538007e+03
1698309347000 9.542636e+03
1698309357000 9.529990e+03
1698309367000 9.527956e+03
1698309377000 9.518764e+03
1698309387000 9.519614e+03
1698309397000 9.497854e+03
1698309407000 9.509293e+03
1698309417000 9.504810e+03
1698309427000 9.498237e+03
1698309437000 9.494280e+03
1698309447000 9.495312e+03
1698309457000 9.490977e+03
1698309467000 9.482506e+03
1698309477000 9.478039e+03
1698309487000 9.478039e+03
1698309497000 9.482158e+03
1698309507000 9.470982e+03
1698309517000 9.470438e+03
1698309527000 9.466042e+03
1698309537000 9.462271e+03
1698309547000 9.454078e+03
1698309557000 9.443073e+03
1698309567000 9.446340e+03
1698309577000 9.439347e+03
1698309587000 9.430914e+03
1698309597000 9.421613e+03
1698309607000 9.430892e+03
1698309617000 9.418090e+03
1698309627000 9.413645e+03
1698309637000 9.397321e+03
1698309647000 9.393044e+03
1698309657000 9.399782e+03
1698309667000 9.381980e+03
1698309677000 9.378254e+03
1698309687000 9.390412e+03
1698309697000 9.376697e+03
1698309707000 9.380117e+03
1698309717000 9.375273e+03
1698309727000 9.365831e+03
1698309737000 9.360937e+03
1698309747000 9.360639e+03
1698309757000 9.346297e+03
1698309767000 9.348946e+03
1698309777000 9.329023e+03
1698309787000 9.330247e+03
1698309797000 9.325930e+03
1698309807000 9.324945e+03
1698309817000 9.318095e+03
1698309827000 9.319660e+03
1698309837000 9.312189e+03
1698309847000 9.307083e+03
1698309857000 9.290984e+03
1698309867000 9.289160e+03
1698309877000 9.307389e+03
1698309887000 9.286116e+03
1698309897000 9.282244e+03
1698309907000 9.284574e+03
1698309917000 9.273638e+03
1698309927000 9.270336e+03
1698309937000 9.265003e+03
1698309947000 9.257399e+03
1698309957000 9.247821e+03
1698309967000 9.243908e+03
1698309977000 9.238796e+03
1698309987000 9.231681e+03
1698309997000 9.240291e+03
1698310007000 9.225064e+03
1698310017000 9.218563e+03
1698310027000 9.220425e+03
1698310037000 9.205817e+03
1698310047000 9.205659e+03
1698310057000 9.190899e+03
1698310067000 9.191744e+03
1698310077000 9.197363e+03
1698310087000 9.179683e+03
1698310097000 9.176416e+03
1698310107000 9.164170e+03
1698310117000 9.159187e+03
1698310127000 9.153348e+03
1698310137000 9.149920e+03
1698310147000 9.144243e+03
1698310157000 9.133976e+03
1698310167000 9.139299e+03
1698310177000 9.131150e+03
1698310187000 9.125725e+03
1698310197000 9.115891e+03
1698310207000 9.100984e+03
1698310217000 9.095876e+03
1698310227000 9.106775e+03
1698310237000 9.103986e+03
1698310247000 9.084908e+03
1698310257000 9.089201e+03
1698310267000 9.089744e+03
1698310277000 9.068906e+03
1698310287000 9.069168e+03
1698310297000 9.064966e+03
1698310307000 9.054611e+03
1698310317000 9.047455e+03
1698310327000 9.044641e+03
1698310337000 9.043317e+03
1698310347000 9.035100e+03
1698310357000 9.029534e+03
1698310367000 9.034783e+03
1698310377000 9.025037e+03
1698310387000 9.009346e+03
1698310397000 9.015198e+03
1698310407000 9.011377e+03
1698310417000 9.018994e+03
1698310427000 8.997680e+03
1698310437000 8.992783e+03
1698310447000 8.982922e+03
1698310457000 8.983488e+03
1698310467000 8.986901e+03
1698310477000 8.983900e+03
1698310487000 8.978670e+03
1698310497000 8.958835e+03
1698310507000 8.971787e+03
1698310517000 8.962345e+03
1698310527000 8.953825e+03
1698310537000 8.957847e+03
1698310547000 8.940342e+03
1698310557000 8.951528e+03
1698310567000 8.936790e+03
1698310577000 8.932557e+03
1698310587000 8.938298e+03
1698310597000 8.926055e+03
1698310607000 8.927557e+03
1698310617000 8.922340e+03
1698310627000 8.925610e+03
1698310637000 8.917380e+03
1698310647000 8.916771e+03
1698310657000 8.897514e+03
1698310667000 8.909344e+03
1698310677000 8.901171e+03
1698310687000 8.888351e+03
1698310697000 8.879317e+03
1698310707000 8.889750e+03
1698310717000 8.895856e+03
1698310727000 8.887165e+03
1698310737000 8.883141e+03
1698310747000 8.881326e+03
1698310757000 8.875885e+03
1698310767000 8.878155e+03
1698310777000 8.865438e+03
1698310787000 8.863815e+03
1698310797000 8.865616e+03
1698310807000 8.868806e+03
1698310817000 8.853479e+03
1698310827000 8.850265e+03
1698310837000 8.850872e+03
1698310847000 8.854146e+03
1698310857000 8.841610e+03
1698310867000 8.847804e+03
1698310877000 8.847625e+03
1698310887000 8.845135e+03
1698310897000 8.833476e+03
1698310907000 8.821417e+03
1698310917000 8.830035e+03
1698310927000 8.817594e+03
1698310937000 8.828747e+03
1698310947000 8.817793e+03
1698310957000 8.812213e+03
1698310967000 8.816098e+03
1698310977000 8.808320e+03
1698310987000 8.810883e+03
1698310997000 8.805709e+03
1698311007000 8.804911e+03
1698311017000 8.793773e+03
1698311027000 8.798622e+03
1698311037000 8.793993e+03
1698311047000 8.787762e+03
1698311057000 8.775974e+03
1698311067000 8.770519e+03
1698311077000 8.773784e+03
1698311087000 8.778011e+03
1698311097000 8.775841e+03
1698311107000 8.763542e+03
1698311117000 8.768553e+03
1698311127000 8.749262e+03
1698311137000 8.748062e+03
1698311147000 8.743934e+03
1698311157000 8.746885e+03
1698311167000 8.734022e+03
1698311177000 8.729233e+03
1698311187000 8.730360e+03
1698311197000 8.730512e+03
1698311207000 8.725465e+03
1698311217000 8.729340e+03
1698311227000 8.714169e+03
1698311237000 8.728631e+03
1698311247000 8.719680e+03
1698311257000 8.706083e+03
1698311267000 8.712079e+03
1698311277000 8.698695e+03
1698311287000 8.699358e+03
1698311297000 8.698123e+03
1698311307000 8.693140e+03
1698311317000 8.679594e+03
1698311327000 8.682587e+03
1698311337000 8.690079e+03
1698311347000 8.680687e+03
1698311357000 8.663760e+03
1698311367000 8.662617e+03
1698311377000 8.666298e+03
1698311387000 8.659685e+03
1698311397000 8.638256e+03
1698311407000 8.647080e+03
1698311417000 8.649203e+03
1698311427000 8.650461e+03
1698311437000 8.638936e+03
1698311447000 8.645681e+03
1698311457000 8.629243e+03
1698311467000 8.630195e+03
1698311477000 8.620499e+03
1698311487000 8.620960e+03
1698311497000 8.618313e+03
1698311507000 8.608357e+03
1698311517000 8.611558e+03
1698311527000 8.609022e+03
1698311537000 8.599110e+03
1698311547000 8.600073e+03
1698311557000 8.602074e+03
1698311567000 8.589434e+03
1698311577000 8.591195e+03
1698311587000 8.596238e+03
1698311597000 8.579734e+03
1698311607000 8.575040e+03
1698311617000 8.574118e+03
1698311627000 8.570171e+03
1698311637000 8.553287e+03
1698311647000 8.557011e+03
1698311657000 8.565416e+03
1698311667000 8.567516e+03
1698311677000 8.560254e+03
1698311687000 8.556413e+03
1698311697000 8.550361e+03
1698311707000 8.544733e+03
1698311717000 8.536105e+03
1698311727000 8.539163e+03
1698311737000 8.531887e+03
1698311747000 8.520371e+03
1698311757000 8.520622e+03
1698311767000 8.506110e+03
1698311777000 8.518091e+03
1698311787000 8.512016e+03
1698311797000 8.500099e+03
1698311807000 8.507316e+03
1698311817000 8.502503e+03
1698311827000 8.502521e+03
1698311837000 8.498880e+03
1698311847000 8.505124e+03
1698311857000 8.489057e+03
1698311867000 8.476821e+03
1698311877000 8.483382e+03
1698311887000 8.484266e+03
1698311897000 8.473163e+03
1698311907000 8.469200e+03
1698311917000 8.468325e+03
1698311927000 8.461160e+03
1698311937000 8.445009e+03
1698311947000 8.451678e+03
1698311957000 8.446167e+03
1698311967000 8.442143e+03
1698311977000 8.448547e+03
1698311987000 8.444104e+03
1698311997000 8.447754e+03
1698312007000 8.428768e+03
1698312017000 8.429976e+03
1698312027000 8.424111e+03
1698312037000 8.423762e+03
1698312047000 8.416681e+03
1698312057000 8.408546e+03
1698312067000 8.407100e+03
1698312077000 8.408217e+03
1698312087000 8.407785e+03
1698312097000 8.387303e+03
1698312107000 8.394896e+03
1698312117000 8.394725e+03
1698312127000 8.391717e+03
1698312137000 8.379277e+03
1698312147000 8.381378e+03
1698312157000 8.378708e+03
1698312167000 8.374720e+03
1698312177000 8.364407e+03
1698312187000 8.364600e+03
1698312197000 8.355732e+03
1698312207000 8.353406e+03
1698312217000 8.349750e+03
1698312227000 8.341030e+03
1698312237000 8.345449e+03
1698312247000 8.339956e+03
1698312257000 8.343265e+03
1698312267000 8.342857e+03
1698312277000 8.328884e+03
1698312287000 8.331678e+03
1698312297000 8.319173e+03
1698312307000 8.319032e+03
1698312317000 8.314968e+03
1698312327000 8.304534e+03
1698312337000 8.307460e+03
1698312347000 8.305441e+03
1698312357000 8.305833e+03
1698312367000 8.287034e+03
1698312377000 8.295510e+03
1698312387000 8.283516e+03
1698312397000 8.288012e+03
1698312407000 8.280422e+03
1698312417000 8.269528e+03
1698312427000 8.275484e+03
1698312437000 8.275249e+03
1698312447000 8.266201e+03
1698312457000 8.260416e+03
1698312467000 8.250551e+03
1698312477000 8.255530e+03
1698312487000 8.248314e+03
1698312497000 8.245832e+03
1698312507000 8.244944e+03
1698312517000 8.236802e+03
1698312527000 8.230854e+03
1698312537000 8.235356e+03
1698312547000 8.225640e+03
1698312557000 8.219540e+03
1698312567000 8.226005e+03
1698312577000 8.219650e+03
1698312587000 8.215340e+03
1698312597000 8.200674e+03
1698312607000 8.207336e+03
1698312617000 8.200516e+03
1698312627000 8.191593e+03
1698312637000 8.200731e+03
1698312647000 8.188968e+03
1698312657000 8.182701e+03
1698312667000 8.188801e+03
1698312677000 8.184130e+03
1698312687000 8.184986e+03
1698312697000 8.174876e+03
1698312707000 8.180694e+03
1698312717000 8.159386e+03
1698312727000 8.154375e+03
1698312737000 8.163782e+03
1698312747000 8.160593e+03
1698312757000 8.151181e+03
1698312767000 8.144478e+03
1698312777000 8.135245e+03
1698312787000 8.151958e+03
1698312797000 8.135167e+03
1698312807000 8.125497e+03
1698312817000 8.125470e+03
1698312827000 8.127034e+03
1698312837000 8.115843e+03
1698312847000 8.120268e+03
1698312857000 8.118214e+03
1698312867000 8.117730e+03
1698312877000 8.096569e+03
1698312887000 8.108104e+03
1698312897000 8.094322e+03
1698312907000 8.091355e+03
1698312917000 8.090728e+03
1698312927000 8.080539e+03
1698312937000 8.090338e+03
1698312947000 8.078236e+03
1698312957000 8.082258e+03
1698312967000 8.075006e+03
1698312977000 1.255784e+03
