# timestamp_ms interaction_rate
1698257008000 2.544434e+04
1698257018000 2.612072e+04
1698257028000 2.613437e+04
1698257038000 2.611289e+04
1698257048000 2.611625e+04
1698257058000 2.611392e+04
1698257068000 2.609451e+04
1698257078000 2.608446e+04
1698257088000 2.607790e+04
1698257098000 2.608323e+04
1698257108000 2.604305e+04
1698257118000 2.663704e+04
1698257128000 2.672041e+04
1698257138000 2.671761e+04
1698257148000 2.669603e+04
1698257158000 2.664195e+04
1698257168000 2.662006e+04
1698257178000 2.656833e+04
1698257188000 2.652483e+04
1698257198000 2.650479e+04
1698257208000 2.652451e+04
1698257218000 2.652905e+04
1698257228000 2.652899e+04
1698257238000 2.649477e+04
1698257248000 2.644726e+04
1698257258000 2.643995e+04
1698257268000 2.645173e+04
1698257278000 2.643296e+04
1698257288000 2.640827e+04
1698257298000 2.641152e+04
1698257308000 2.633852e+04
1698257318000 2.629615e+04
1698257328000 2.634487e+04
1698257338000 2.632991e+04
1698257348000 2.630152e+04
1698257358000 2.625005e+04
1698257368000 2.621546e+04
1698257378000 2.622397e+04
1698257388000 2.626282e+04
1698257398000 2.621046e+04
1698257408000 2.618319e+04
1698257418000 2.617632e+04
1698257428000 2.613861e+04
1698257438000 2.597140e+04
1698257448000 2.551322e+04
1698257458000 2.585910e+04
1698257468000 2.653231e+04
1698257478000 2.669699e+04
1698257488000 2.690083e+04
1698257498000 2.669557e+04
1698257508000 2.642444e+04
1698257518000 2.642879e+04
1698257528000 2.653868e+04
1698257538000 2.656102e+04
1698257548000 2.664711e+04
1698257558000 2.681466e+04
1698257568000 2.668464e+04
1698257578000 2.662232e+04
1698257588000 2.654418e+04
1698257598000 2.652514e+04
1698257608000 2.640687e+04
1698257618000 2.633819e+04
1698257628000 2.641883e+04
1698257638000 2.640295e+04
1698257648000 2.633305e+04
1698257658000 2.629769e+04
1698257668000 2.631078e+04
1698257678000 2.631509e+04
1698257688000 2.623571e+04
1698257698000 2.622245e+04
1698257708000 2.623288e+04
1698257718000 2.618805e+04
1698257728000 2.615309e+04
1698257738000 2.618094e+04
1698257748000 2.616298e+04
1698257758000 2.606404e+04
1698257768000 2.606537e+04
1698257778000 2.645714e+04
1698257788000 2.684129e+04
1698257798000 2.681059e+04
1698257808000 2.681228e+04
1698257818000 2.677660e+04
1698257828000 2.676163e+04
1698257838000 2.670323e+04
1698257848000 2.668696e+04
1698257858000 2.670651e+04
1698257868000 2.667984e+04
1698257878000 2.665213e+04
1698257888000 2.664491e+04
1698257898000 2.662038e+04
1698257908000 2.656852e+04
1698257918000 2.659460e+04
1698257928000 2.665236e+04
1698257938000 2.658887e+04
1698257948000 2.646927e+04
1698257958000 2.646309e+04
1698257968000 2.647786e+04
1698257978000 2.642938e+04
1698257988000 2.641034e+04
1698257998000 2.640414e+04
1698258008000 2.636648e+04
1698258018000 2.632256e+04
1698258028000 2.629271e+04
1698258038000 2.628147e+04
1698258048000 2.626877e+04
1698258058000 2.623312e+04
1698258068000 2.623549e+04
1698258078000 2.624087e+04
1698258088000 2.621551e+04
1698258098000 2.618651e+04
1698258108000 2.613361e+04
1698258118000 2.611677e+04
1698258128000 2.607821e+04
1698258138000 2.606982e+04
1698258148000 2.605493e+04
1698258158000 2.627085e+04
1698258168000 2.672091e+04
1698258178000 2.668074e+04
1698258188000 2.665073e+04
1698258198000 2.664949e+04
1698258208000 2.661089e+04
1698258218000 2.658712e+04
1698258228000 2.654166e+04
1698258238000 2.652340e+04
1698258248000 2.642427e+04
1698258258000 2.634520e+04
1698258268000 2.637663e+04
1698258278000 2.637469e+04
1698258288000 2.634108e+04
1698258298000 2.632308e+04
1698258308000 2.627917e+04
1698258318000 2.628592e+04
1698258328000 2.624656e+04
1698258338000 2.619586e+04
1698258348000 2.613327e+04
1698258358000 2.610610e+04
1698258368000 2.612474e+04
1698258378000 2.611380e+04
1698258388000 2.611013e+04
1698258398000 2.613702e+04
1698258408000 2.602330e+04
1698258418000 2.603328e+04
1698258428000 2.658763e+04
1698258438000 2.661534e+04
1698258448000 2.658898e+04
1698258458000 2.654418e+04
1698258468000 2.655046e+04
1698258478000 2.653476e+04
1698258488000 2.651669e+04
1698258498000 2.648908e+04
1698258508000 2.649156e+04
1698258518000 2.657214e+04
1698258528000 2.653043e+04
1698258538000 2.645673e+04
1698258548000 2.641607e+04
1698258558000 2.642711e+04
1698258568000 2.639789e+04
1698258578000 2.640132e+04
1698258588000 2.637883e+04
1698258598000 2.635333e+04
1698258608000 2.634241e+04
1698258618000 2.635566e+04
1698258628000 2.634583e+04
1698258638000 2.628924e+04
1698258648000 2.620772e+04
1698258658000 2.621912e+04
1698258668000 2.620063e+04
1698258678000 2.619277e+04
1698258688000 2.621023e+04
1698258698000 2.621796e+04
1698258708000 2.616517e+04
1698258718000 2.616416e+04
1698258728000 2.613894e+04
1698258738000 2.612255e+04
1698258748000 2.609638e+04
1698258758000 2.610626e+04
1698258768000 2.608937e+04
1698258778000 2.607960e+04
1698258788000 2.604989e+04
1698258798000 2.603586e+04
1698258808000 2.682029e+04
1698258818000 2.686786e+04
1698258828000 2.681734e+04
1698258838000 2.684056e+04
1698258848000 2.691786e+04
1698258858000 2.680045e+04
1698258868000 2.672071e+04
1698258878000 2.675554e+04
1698258888000 2.680876e+04
1698258898000 2.676544e+04
1698258908000 2.673102e+04
1698258918000 2.673375e+04
1698258928000 2.674353e+04
1698258938000 2.669659e+04
1698258948000 2.666739e+04
1698258958000 2.667228e+04
1698258968000 2.667320e+04
1698258978000 2.664695e+04
1698258988000 2.660564e+04
1698258998000 2.659737e+04
1698259008000 2.654110e+04
1698259018000 2.654298e+04
1698259028000 2.651021e+04
1698259038000 2.647514e+04
1698259048000 2.645635e+04
1698259058000 2.641348e+04
1698259068000 2.641771e+04
1698259078000 2.637653e+04
1698259088000 2.634754e+04
1698259098000 2.635036e+04
1698259108000 2.632023e+04
1698259118000 2.629349e+04
1698259128000 2.621899e+04
1698259138000 2.620082e+04
1698259148000 2.622171e+04
1698259158000 2.621729e+04
1698259168000 2.616521e+04
1698259178000 2.612738e+04
1698259188000 2.613609e+04
1698259198000 2.608788e+04
1698259208000 2.605739e+04
1698259218000 2.604762e+04
1698259228000 2.657636e+04
1698259238000 2.671023e+04
1698259248000 2.662628e+04
1698259258000 2.664253e+04
1698259268000 2.658476e+04
1698259278000 2.657528e+04
1698259288000 2.666266e+04
1698259298000 2.660829e+04
1698259308000 2.647304e+04
1698259318000 2.643194e+04
1698259328000 2.642461e+04
1698259338000 2.641115e+04
1698259348000 2.636159e+04
1698259358000 2.632338e+04
1698259368000 2.630406e+04
1698259378000 2.625551e+04
1698259388000 2.622457e+04
1698259398000 2.618616e+04
1698259408000 2.613671e+04
1698259418000 2.611015e+04
1698259428000 2.606488e+04
1698259438000 2.602003e+04
1698259448000 2.638076e+04
1698259458000 2.662210e+04
1698259468000 2.657584e+04
1698259478000 2.652234e+04
1698259488000 2.651425e+04
1698259498000 2.645602e+04
1698259508000 2.642056e+04
1698259518000 2.637644e+04
1698259528000 2.634475e+04
1698259538000 2.628935e+04
1698259548000 2.624497e+04
1698259558000 2.623053e+04
1698259568000 2.619257e+04
1698259578000 2.612417e+04
1698259588000 2.609998e+04
1698259598000 2.606532e+04
1698259608000 2.637841e+04
1698259618000 2.687732e+04
1698259628000 2.687786e+04
1698259638000 2.682685e+04
1698259648000 2.676532e+04
1698259658000 2.672840e+04
1698259668000 2.673907e+04
1698259678000 2.672173e+04
1698259688000 2.667119e+04
1698259698000 2.660190e+04
1698259708000 2.657785e+04
1698259718000 2.649725e+04
1698259728000 2.646953e+04
1698259738000 2.643831e+04
1698259748000 2.642042e+04
1698259758000 2.641399e+04
1698259768000 2.632233e+04
1698259778000 2.626842e+04
1698259788000 2.620826e+04
1698259798000 2.615259e+04
1698259808000 2.611996e+04
1698259818000 2.606184e+04
1698259828000 2.616767e+04
1698259838000 2.679076e+04
1698259848000 2.674980e+04
1698259858000 2.670992e+04
1698259868000 2.667694e+04
1698259878000 2.665926e+04
1698259888000 2.656666e+04
1698259898000 2.653088e+04
1698259908000 2.647864e+04
1698259918000 2.643959e+04
1698259928000 2.640678e+04
1698259938000 2.635602e+04
1698259948000 2.633083e+04
1698259958000 2.625824e+04
1698259968000 2.617205e+04
1698259978000 2.613547e+04
1698259988000 2.606297e+04
1698259998000 2.599949e+04
1698260008000 2.606823e+04
1698260018000 2.677774e+04
1698260028000 2.676142e+04
1698260038000 2.673820e+04
1698260048000 2.667481e+04
1698260058000 2.662127e+04
1698260068000 2.660300e+04
1698260078000 2.655756e+04
1698260088000 2.656722e+04
1698260098000 2.654754e+04
1698260108000 2.650571e+04
1698260118000 2.646521e+04
1698260128000 2.642899e+04
1698260138000 2.637975e+04
1698260148000 2.635322e+04
1698260158000 2.631618e+04
1698260168000 2.624678e+04
1698260178000 2.623587e+04
1698260188000 2.619716e+04
1698260198000 2.617068e+04
1698260208000 2.617566e+04
1698260218000 2.611565e+04
1698260228000 2.608644e+04
1698260238000 2.605758e+04
1698260248000 2.602338e+04
1698260258000 2.650308e+04
1698260268000 2.668798e+04
1698260278000 2.668319e+04
1698260288000 2.663971e+04
1698260298000 2.662718e+04
1698260308000 2.665619e+04
1698260318000 2.661356e+04
1698260328000 2.659998e+04
1698260338000 2.655913e+04
1698260348000 2.653705e+04
1698260358000 2.649884e+04
1698260368000 2.643810e+04
1698260378000 2.642352e+04
1698260388000 2.641147e+04
1698260398000 2.640770e+04
1698260408000 2.637772e+04
1698260418000 2.637975e+04
1698260428000 2.635885e+04
1698260438000 2.634774e+04
1698260448000 2.632804e+04
1698260458000 2.629878e+04
1698260468000 2.629200e+04
1698260478000 2.627050e+04
1698260488000 2.626144e+04
1698260498000 2.623782e+04
1698260508000 2.617471e+04
1698260518000 2.617968e+04
1698260528000 2.617882e+04
1698260538000 2.616857e+04
1698260548000 2.614774e+04
1698260558000 2.615347e+04
1698260568000 2.613113e+04
1698260578000 2.608714e+04
1698260588000 2.609610e+04
1698260598000 2.607252e+04
1698260608000 2.606552e+04
1698260618000 2.637832e+04
1698260628000 2.665707e+04
1698260638000 2.664455e+04
1698260648000 2.662674e+04
1698260658000 2.661941e+04
1698260668000 2.659342e+04
1698260678000 2.657787e+04
1698260688000 2.657641e+04
1698260698000 2.652151e+04
1698260708000 2.649318e+04
1698260718000 2.646605e+04
1698260728000 2.648388e+04
1698260738000 2.646950e+04
1698260748000 2.642648e+04
1698260758000 2.642220e+04
1698260768000 2.641601e+04
1698260778000 2.638448e+04
1698260788000 2.636177e+04
1698260798000 2.634549e+04
1698260808000 2.631767e+04
1698260818000 2.630068e+04
1698260828000 2.626672e+04
1698260838000 2.625481e+04
1698260848000 2.629524e+04
1698260858000 2.629147e+04
1698260868000 2.623478e+04
1698260878000 2.622171e+04
1698260888000 2.618686e+04
1698260898000 2.616210e+04
1698260908000 2.614218e+04
1698260918000 2.614148e+04
1698260928000 2.610063e+04
1698260938000 2.608553e+04
1698260948000 2.605257e+04
1698260958000 2.615354e+04
1698260968000 2.640598e+04
1698260978000 2.637404e+04
1698260988000 2.636001e+04
1698260998000 2.633780e+04
1698261008000 2.628700e+04
1698261018000 2.630251e+04
1698261028000 2.628636e+04
1698261038000 2.625441e+04
1698261048000 2.626013e+04
1698261058000 2.621904e+04
1698261068000 2.620376e+04
1698261078000 2.618861e+04
1698261088000 2.619094e+04
1698261098000 2.614894e+04
1698261108000 2.615004e+04
1698261118000 2.612369e+04
1698261128000 2.607885e+04
1698261138000 2.608859e+04
1698261148000 2.607325e+04
1698261158000 2.603388e+04
1698261168000 2.525172e+04
1698261178000 2.521739e+04
1698261188000 2.575888e+04
1698261198000 2.595202e+04
1698261208000 2.593648e+04
1698261218000 2.590439e+04
1698261228000 2.589090e+04
1698261238000 2.586973e+04
1698261248000 2.584443e+04
1698261258000 2.584241e+04
1698261268000 2.580258e+04
1698261278000 2.581376e+04
1698261288000 2.577217e+04
1698261298000 2.576445e+04
1698261308000 2.574033e+04
1698261318000 2.572730e+04
1698261328000 2.570962e+04
1698261338000 2.566775e+04
1698261348000 2.566131e+04
1698261358000 2.563838e+04
1698261368000 2.559365e+04
1698261378000 2.560672e+04
1698261388000 2.557853e+04
1698261398000 2.556263e+04
1698261408000 2.554847e+04
1698261418000 2.549324e+04
1698261428000 2.548641e+04
1698261438000 2.546787e+04
1698261448000 2.542860e+04
1698261458000 2.541697e+04
1698261468000 2.540377e+04
1698261478000 2.538480e+04
1698261488000 2.536628e+04
1698261498000 2.533945e+04
1698261508000 2.531822e+04
1698261518000 2.527261e+04
1698261528000 2.526905e+04
1698261538000 2.523525e+04
1698261548000 2.522228e+04
1698261558000 2.518176e+04
1698261568000 2.517150e+04
1698261578000 2.514465e+04
1698261588000 2.512930e+04
1698261598000 2.510000e+04
1698261608000 2.509057e+04
1698261618000 2.505301e+04
1698261628000 2.505312e+04
1698261638000 2.502295e+04
1698261648000 2.500222e+04
1698261658000 2.497458e+04
1698261668000 2.495722e+04
1698261678000 2.492573e+04
1698261688000 2.493378e+04
1698261698000 2.490566e+04
1698261708000 2.487609e+04
1698261718000 2.485538e+04
1698261728000 2.482100e+04
1698261738000 2.481141e+04
1698261748000 2.478785e+04
1698261758000 2.476440e+04
1698261768000 2.474499e+04
1698261778000 2.472955e+04
1698261788000 2.472029e+04
1698261798000 2.468765e+04
1698261808000 2.465543e+04
1698261818000 2.464616e+04
1698261828000 2.460950e+04
1698261838000 2.461263e+04
1698261848000 2.457053e+04
1698261858000 2.454515e+04
1698261868000 2.452175e+04
1698261878000 2.449160e+04
1698261888000 2.449065e+04
1698261898000 2.445715e+04
1698261908000 2.443333e+04
1698261918000 2.441803e+04
1698261928000 2.440001e+04
1698261938000 2.437257e+04
1698261948000 2.436342e+04
1698261958000 2.433692e+04
1698261968000 2.432252e+04
1698261978000 2.429765e+04
1698261988000 2.427604e+04
1698261998000 2.425180e+04
1698262008000 2.425797e+04
1698262018000 2.420541e+04
1698262028000 2.418455e+04
1698262038000 2.416589e+04
1698262048000 2.416820e+04
1698262058000 2.413406e+04
1698262068000 2.412430e+04
1698262078000 2.409565e+04
1698262088000 2.406871e+04
1698262098000 2.407676e+04
1698262108000 2.401430e+04
1698262118000 2.401594e+04
1698262128000 2.397908e+04
1698262138000 2.396027e+04
1698262148000 2.397696e+04
1698262158000 2.394027e+04
1698262168000 2.393484e+04
1698262178000 2.388906e+04
1698262188000 2.386154e+04
1698262198000 2.385804e+04
1698262208000 2.384833e+04
1698262218000 2.383041e+04
1698262228000 2.379907e+04
1698262238000 2.376507e+04
1698262248000 2.374998e+04
1698262258000 2.370945e+04
1698262268000 2.370184e+04
1698262278000 2.369538e+04
1698262288000 2.366376e+04
1698262298000 2.364325e+04
1698262308000 2.362917e+04
1698262318000 2.361073e+04
1698262328000 2.358266e+04
1698262338000 2.356053e+04
1698262348000 2.353733e+04
1698262358000 2.353939e+04
1698262368000 2.350951e+04
1698262378000 2.350117e+04
1698262388000 2.348223e+04
1698262398000 2.346622e+04
1698262408000 2.343701e+04
1698262418000 2.343067e+04
1698262428000 2.340603e+04
1698262438000 2.338810e+04
1698262448000 2.333519e+04
1698262458000 2.334342e+04
1698262468000 2.331544e+04
1698262478000 2.329322e+04
1698262488000 2.327145e+04
1698262498000 2.327698e+04
1698262508000 2.323725e+04
1698262518000 2.322339e+04
1698262528000 2.320536e+04
1698262538000 2.317717e+04
1698262548000 2.315434e+04
1698262558000 2.315104e+04
1698262568000 2.312065e+04
1698262578000 2.310058e+04
1698262588000 2.307085e+04
1698262598000 2.306348e+04
1698262608000 2.304672e+04
1698262618000 2.302283e+04
1698262628000 2.299879e+04
1698262638000 2.297308e+04
1698262648000 2.296846e+04
1698262658000 2.294284e+04
1698262668000 2.291294e+04
1698262678000 2.290497e+04
1698262688000 2.286619e+04
1698262698000 2.285613e+04
1698262708000 2.283992e+04
1698262718000 2.281785e+04
1698262728000 2.282142e+04
1698262738000 2.280024e+04
1698262748000 2.276692e+04
1698262758000 2.275212e+04
1698262768000 2.273676e+04
1698262778000 2.270468e+04
1698262788000 2.268588e+04
1698262798000 2.267420e+04
1698262808000 2.265199e+04
1698262818000 2.265007e+04
1698262828000 2.261885e+04
1698262838000 2.257737e+04
1698262848000 2.258836e+04
1698262858000 2.257254e+04
1698262868000 2.254356e+04
1698262878000 2.252798e+04
1698262888000 2.250649e+04
1698262898000 2.250977e+04
1698262908000 2.247735e+04
1698262918000 2.245642e+04
1698262928000 2.245144e+04
1698262938000 2.242113e+04
1698262948000 2.239923e+04
1698262958000 2.239923e+04
1698262968000 2.237902e+04
1698262978000 2.236122e+04
1698262988000 2.232717e+04
1698262998000 2.233953e+04
1698263008000 2.231719e+04
1698263018000 2.231417e+04
1698263028000 2.226854e+04
1698263038000 2.225448e+04
1698263048000 2.223856e+04
1698263058000 2.225116e+04
1698263068000 2.222626e+04
1698263078000 2.217787e+04
1698263088000 2.217596e+04
1698263098000 2.216154e+04
1698263108000 2.215509e+04
1698263118000 2.213357e+04
1698263128000 2.211386e+04
1698263138000 2.210561e+04
1698263148000 2.206798e+04
1698263158000 2.205407e+04
1698263168000 2.203200e+04
1698263178000 2.200591e+04
1698263188000 2.200169e+04
1698263198000 2.197026e+04
1698263208000 2.195623e+04
1698263218000 2.191453e+04
1698263228000 2.191869e+04
1698263238000 2.190652e+04
1698263248000 2.187011e+04
1698263258000 2.187021e+04
1698263268000 2.185602e+04
1698263278000 2.186664e+04
1698263288000 2.183449e+04
1698263298000 2.180210e+04
1698263308000 2.181035e+04
1698263318000 2.177936e+04
1698263328000 2.179971e+04
1698263338000 2.179295e+04
1698263348000 2.174647e+04
1698263358000 2.171171e+04
1698263368000 2.168874e+04
1698263378000 2.168239e+04
1698263388000 2.166939e+04
1698263398000 2.166785e+04
1698263408000 2.164150e+04
1698263418000 2.161382e+04
1698263428000 2.159026e+04
1698263438000 2.156551e+04
1698263448000 2.157872e+04
1698263458000 2.154566e+04
1698263468000 2.152518e+04
1698263478000 2.153949e+04
1698263488000 2.150070e+04
1698263498000 2.146794e+04
1698263508000 2.147879e+04
1698263518000 2.144789e+04
1698263528000 2.142429e+04
1698263538000 2.141338e+04
1698263548000 2.139883e+04
1698263558000 2.138766e+04
1698263568000 2.135798e+04
1698263578000 2.132661e+04
1698263588000 2.133484e+04
1698263598000 2.131626e+04
1698263608000 2.129109e+04
1698263618000 2.127782e+04
1698263628000 2.124957e+04
1698263638000 2.124838e+04
1698263648000 2.121513e+04
1698263658000 2.120173e+04
1698263668000 2.119317e+04
1698263678000 2.119364e+04
1698263688000 2.115728e+04
1698263698000 2.114904e+04
1698263708000 2.112090e+04
1698263718000 2.114248e+04
1698263728000 2.110563e+04
1698263738000 2.107342e+04
1698263748000 2.104723e+04
1698263758000 2.104126e+04
1698263768000 2.103454e+04
1698263778000 2.102133e+04
1698263788000 2.100214e+04
1698263798000 2.098242e+04
1698263808000 2.097151e+04
1698263818000 2.096165e+04
1698263828000 2.092844e+04
1698263838000 2.090588e+04
1698263848000 2.091045e+04
1698263858000 2.086570e+04
1698263868000 2.087140e+04
1698263878000 2.086017e+04
1698263888000 2.082989e+04
1698263898000 2.081776e+04
1698263908000 2.080648e+04
1698263918000 2.077924e+04
1698263928000 2.075601e+04
1698263938000 2.074776e+04
1698263948000 2.074167e+04
1698263958000 2.071551e+04
1698263968000 2.070310e+04
1698263978000 2.069703e+04
1698263988000 2.067769e+04
1698263998000 2.066648e+04
1698264008000 2.065779e+04
1698264018000 2.063707e+04
1698264028000 2.061169e+04
1698264038000 2.060720e+04
1698264048000 2.058265e+04
1698264058000 2.058156e+04
1698264068000 2.056201e+04
1698264078000 2.053620e+04
1698264088000 2.051318e+04
1698264098000 2.052232e+04
1698264108000 2.049117e+04
1698264118000 2.048435e+04
1698264128000 2.045117e+04
1698264138000 2.041799e+04
1698264148000 2.041729e+04
1698264158000 2.041001e+04
1698264168000 2.040071e+04
1698264178000 2.036954e+04
1698264188000 2.035130e+04
1698264198000 2.034314e+04
1698264208000 2.029510e+04
1698264218000 2.030546e+04
1698264228000 2.030055e+04
1698264238000 2.027936e+04
1698264248000 2.025775e+04
1698264258000 2.024991e+04
1698264268000 2.024385e+04
1698264278000 2.026318e+04
1698264288000 2.023597e+04
1698264298000 2.020864e+04
1698264308000 2.018908e+04
1698264318000 2.016455e+04
1698264328000 2.015350e+04
1698264338000 2.013618e+04
1698264348000 2.012740e+04
1698264358000 2.010671e+04
1698264368000 2.009065e+04
1698264378000 2.006293e+04
1698264388000 2.005492e+04
1698264398000 2.003436e+04
1698264408000 2.001802e+04
1698264418000 2.001730e+04
1698264428000 1.997983e+04
1698264438000 1.997218e+04
1698264448000 1.995698e+04
1698264458000 1.994482e+04
1698264468000 1.993185e+04
1698264478000 1.991867e+04
1698264488000 1.990171e+04
1698264498000 1.987390e+04
1698264508000 1.986965e+04
1698264518000 1.986133e+04
1698264528000 1.981484e+04
1698264538000 1.982943e+04
1698264548000 1.980369e+04
1698264558000 1.981834e+04
1698264568000 1.978066e+04
1698264578000 1.976368e+04
1698264588000 1.976805e+04
1698264598000 1.972972e+04
1698264608000 1.972516e+04
1698264618000 1.969817e+04
1698264628000 1.970851e+04
1698264638000 1.968418e+04
1698264648000 1.965850e+04
1698264658000 1.963766e+04
1698264668000 1.963855e+04
1698264678000 1.960516e+04
1698264688000 1.960871e+04
1698264698000 1.955882e+04
1698264708000 1.955041e+04
1698264718000 1.956782e+04
1698264728000 1.953485e+04
1698264738000 1.953192e+04
1698264748000 1.949700e+04
1698264758000 1.950121e+04
1698264768000 1.948634e+04
1698264778000 1.946223e+04
1698264788000 1.944658e+04
1698264798000 1.943186e+04
1698264808000 1.941896e+04
1698264818000 1.942227e+04
1698264828000 1.940016e+04
1698264838000 1.938895e+04
1698264848000 1.937772e+04
1698264858000 1.936481e+04
1698264868000 1.932322e+04
1698264878000 1.933125e+04
1698264888000 1.930966e+04
1698264898000 1.929238e+04
1698264908000 1.927359e+04
1698264918000 1.927175e+04
1698264928000 1.925790e+04
1698264938000 1.923866e+04
1698264948000 1.923594e+04
1698264958000 1.921192e+04
1698264968000 1.920217e+04
1698264978000 1.917894e+04
1698264988000 1.918097e+04
1698264998000 1.912623e+04
1698265008000 1.914124e+04
1698265018000 1.912874e+04
1698265028000 1.911573e+04
1698265038000 1.909630e+04
1698265048000 1.907813e+04
1698265058000 1.906217e+04
1698265068000 1.906481e+04
1698265078000 1.903003e+04
1698265088000 1.902056e+04
1698265098000 1.901490e+04
1698265108000 1.898737e+04
1698265118000 1.897961e+04
1698265128000 1.896969e+04
1698265138000 1.897271e+04
1698265148000 1.894894e+04
1698265158000 1.892868e+04
1698265168000 1.892236e+04
1698265178000 1.889197e+04
1698265188000 1.890527e+04
1698265198000 1.888282e+04
1698265208000 1.886956e+04
1698265218000 1.885719e+04
1698265228000 1.881994e+04
1698265238000 1.882715e+04
1698265248000 1.879663e+04
1698265258000 1.881587e+04
1698265268000 1.879531e+04
1698265278000 1.877328e+04
1698265288000 1.874771e+04
1698265298000 1.874499e+04
1698265308000 1.872543e+04
1698265318000 1.871081e+04
1698265328000 1.869404e+04
1698265338000 1.868053e+04
1698265348000 1.867511e+04
1698265358000 1.866913e+04
1698265368000 1.864600e+04
1698265378000 1.865243e+04
1698265388000 1.862157e+04
1698265398000 1.861482e+04
1698265408000 1.859880e+04
1698265418000 1.857953e+04
1698265428000 1.859059e+04
1698265438000 1.857507e+04
1698265448000 1.854017e+04
1698265458000 1.854050e+04
1698265468000 1.851821e+04
1698265478000 1.851503e+04
1698265488000 1.850103e+04
1698265498000 1.848498e+04
1698265508000 1.847391e+04
1698265518000 1.846801e+04
1698265528000 1.844018e+04
1698265538000 1.843755e+04
1698265548000 1.842079e+04
1698265558000 1.839083e+04
1698265568000 1.839684e+04
1698265578000 1.836670e+04
1698265588000 1.837129e+04
1698265598000 1.835754e+04
1698265608000 1.834119e+04
1698265618000 1.835540e+04
1698265628000 1.832667e+04
1698265638000 1.830601e+04
1698265648000 1.828691e+04
1698265658000 1.828338e+04
1698265668000 1.827099e+04
1698265678000 1.824696e+04
1698265688000 1.826146e+04
1698265698000 1.821874e+04
1698265708000 1.819771e+04
1698265718000 1.820820e+04
1698265728000 1.819376e+04
1698265738000 1.816422e+04
1698265748000 1.815169e+04
1698265758000 1.814302e+04
1698265768000 1.814357e+04
1698265778000 1.810894e+04
1698265788000 1.809902e+04
1698265798000 1.808606e+04
1698265808000 1.807027e+04
1698265818000 1.805212e+04
1698265828000 1.805164e+04
1698265838000 1.802210e+04
1698265848000 1.802621e+04
1698265858000 1.799559e+04
1698265868000 1.799141e+04
1698265878000 1.797662e+04
1698265888000 1.795082e+04
1698265898000 1.795461e+04
1698265908000 1.794613e+04
1698265918000 1.790879e+04
1698265928000 1.791916e+04
1698265938000 1.791054e+04
1698265948000 1.788432e+04
1698265958000 1.786091e+04
1698265968000 1.785269e+04
1698265978000 1.784041e+04
1698265988000 1.783605e+04
1698265998000 1.781166e+04
1698266008000 1.778747e+04
1698266018000 1.779430e+04
1698266028000 1.776993e+04
1698266038000 1.776625e+04
1698266048000 1.774153e+04
1698266058000 1.774878e+04
1698266068000 1.772463e+04
1698266078000 1.771235e+04
1698266088000 1.770002e+04
1698266098000 1.769373e+04
1698266108000 1.767466e+04
1698266118000 1.765951e+04
1698266128000 1.765786e+04
1698266138000 1.763609e+04
1698266148000 1.763187e+04
1698266158000 1.762692e+04
1698266168000 1.759209e+04
1698266178000 1.758559e+04
1698266188000 1.759418e+04
1698266198000 1.756421e+04
1698266208000 1.756034e+04
1698266218000 1.751650e+04
1698266228000 1.749389e+04
1698266238000 1.748838e+04
1698266248000 1.752187e+04
1698266258000 1.749763e+04
1698266268000 1.746459e+04
1698266278000 1.743670e+04
1698266288000 1.740246e+04
1698266298000 1.738916e+04
1698266308000 1.737969e+04
1698266318000 1.738968e+04
1698266328000 1.738178e+04
1698266338000 1.734452e+04
1698266348000 1.733431e+04
1698266358000 1.733101e+04
1698266368000 1.732436e+04
1698266378000 1.730107e+04
1698266388000 1.728866e+04
1698266398000 1.728340e+04
1698266408000 1.725569e+04
1698266418000 1.727627e+04
1698266428000 1.725359e+04
1698266438000 1.724579e+04
1698266448000 1.723651e+04
1698266458000 1.722242e+04
1698266468000 1.721375e+04
1698266478000 1.719751e+04
1698266488000 1.718815e+04
1698266498000 1.716578e+04
1698266508000 1.717340e+04
1698266518000 1.714451e+04
1698266528000 1.714794e+04
1698266538000 1.711547e+04
1698266548000 1.712962e+04
1698266558000 1.710829e+04
1698266568000 1.708793e+04
1698266578000 1.709172e+04
1698266588000 1.708329e+04
1698266598000 1.705560e+04
1698266608000 1.705851e+04
1698266618000 1.705094e+04
1698266628000 1.701790e+04
1698266638000 1.701413e+04
1698266648000 1.700435e+04
1698266658000 1.700107e+04
1698266668000 1.699991e+04
1698266678000 1.698520e+04
1698266688000 1.697333e+04
1698266698000 1.696127e+04
1698266708000 1.694868e+04
1698266718000 1.694387e+04
1698266728000 1.693418e+04
1698266738000 1.691205e+04
1698266748000 1.691552e+04
1698266758000 1.689860e+04
1698266768000 1.688601e+04
1698266778000 1.689239e+04
1698266788000 1.686645e+04
1698266798000 1.686247e+04
1698266808000 1.684462e+04
1698266818000 1.684651e+04
1698266828000 1.682282e+04
1698266838000 1.681230e+04
1698266848000 1.681473e+04
1698266858000 1.681165e+04
1698266868000 1.678200e+04
1698266878000 1.676999e+04
1698266888000 1.677489e+04
1698266898000 1.675883e+04
1698266908000 1.674879e+04
1698266918000 1.674190e+04
1698266928000 1.673437e+04
1698266938000 1.670974e+04
1698266948000 1.670135e+04
1698266958000 1.669794e+04
1698266968000 1.668808e+04
1698266978000 1.666235e+04
1698266988000 1.665910e+04
1698266998000 1.665010e+04
1698267008000 1.664568e+04
1698267018000 1.662569e+04
1698267028000 1.661307e+04
1698267038000 1.661820e+04
1698267048000 1.659595e+04
1698267058000 1.659496e+04
1698267068000 1.660558e+04
1698267078000 1.658524e+04
1698267088000 1.656634e+04
1698267098000 1.656625e+04
1698267108000 1.656285e+04
1698267118000 1.653364e+04
1698267128000 1.652938e+04
1698267138000 1.650426e+04
1698267148000 1.649996e+04
1698267158000 1.649234e+04
1698267168000 1.647246e+04
1698267178000 1.647471e+04
1698267188000 1.647287e+04
1698267198000 1.646190e+04
1698267208000 1.643863e+04
1698267218000 1.643400e+04
1698267228000 1.643402e+04
1698267238000 1.643096e+04
1698267248000 1.640696e+04
1698267258000 1.639611e+04
1698267268000 1.638776e+04
1698267278000 1.637748e+04
1698267288000 1.636996e+04
1698267298000 1.635461e+04
1698267308000 1.635207e+04
1698267318000 1.635528e+04
1698267328000 1.632078e+04
1698267338000 1.632393e+04
1698267348000 1.631394e+04
1698267358000 1.630013e+04
1698267368000 1.629133e+04
1698267378000 1.627200e+04
1698267388000 1.627458e+04
1698267398000 1.625856e+04
1698267408000 1.624821e+04
1698267418000 1.625648e+04
1698267428000 1.623891e+04
1698267438000 1.621583e+04
1698267448000 1.619892e+04
1698267458000 1.620393e+04
1698267468000 1.619380e+04
1698267478000 1.616583e+04
1698267488000 1.616722e+04
1698267498000 1.615888e+04
1698267508000 1.614902e+04
1698267518000 1.614178e+04
1698267528000 1.611665e+04
1698267538000 1.611686e+04
1698267548000 1.609895e+04
1698267558000 1.608752e+04
1698267568000 1.609279e+04
1698267578000 1.608173e+04
1698267588000 1.607275e+04
1698267598000 1.604376e+04
1698267608000 1.605022e+04
1698267618000 1.604079e+04
1698267628000 1.603101e+04
1698267638000 1.601481e+04
1698267648000 1.602445e+04
1698267658000 1.600795e+04
1698267668000 1.599448e+04
1698267678000 1.598913e+04
1698267688000 1.598027e+04
1698267698000 1.596849e+04
1698267708000 1.596138e+04
1698267718000 1.594399e+04
1698267728000 1.593360e+04
1698267738000 1.592045e+04
1698267748000 1.591485e+04
1698267758000 1.589655e+04
1698267768000 1.589347e+04
1698267778000 1.589535e+04
1698267788000 1.588176e+04
1698267798000 1.586454e+04
1698267808000 1.585875e+04
1698267818000 1.584765e+04
1698267828000 1.583021e+04
1698267838000 1.582088e+04
1698267848000 1.582674e+04
1698267858000 1.581493e+04
1698267868000 1.577862e+04
1698267878000 1.578983e+04
1698267888000 1.577801e+04
1698267898000 1.577164e+04
1698267908000 1.575687e+04
1698267918000 1.574077e+04
1698267928000 1.574158e+04
1698267938000 1.572201e+04
1698267948000 1.572464e+04
1698267958000 1.570834e+04
1698267968000 1.569047e+04
1698267978000 1.569625e+04
1698267988000 1.568255e+04
1698267998000 1.567598e+04
1698268008000 1.566864e+04
1698268018000 1.566442e+04
1698268028000 1.563703e+04
1698268038000 1.562357e+04
1698268048000 1.562702e+04
1698268058000 1.561548e+04
1698268068000 1.559877e+04
1698268078000 1.559619e+04
1698268088000 1.560166e+04
1698268098000 1.557267e+04
1698268108000 1.556516e+04
1698268118000 1.555800e+04
1698268128000 1.555728e+04
1698268138000 1.553681e+04
1698268148000 1.552366e+04
1698268158000 1.552733e+04
1698268168000 1.551204e+04
1698268178000 1.549089e+04
1698268188000 1.548325e+04
1698268198000 1.549029e+04
1698268208000 1.544680e+04
1698268218000 1.545019e+04
1698268228000 1.545199e+04
1698268238000 1.543353e+04
1698268248000 1.542773e+04
1698268258000 1.543022e+04
1698268268000 1.540685e+04
1698268278000 1.541538e+04
1698268288000 1.540248e+04
1698268298000 1.538177e+04
1698268308000 1.536955e+04
1698268318000 1.537472e+04
1698268328000 1.536162e+04
1698268338000 1.532680e+04
1698268348000 1.532482e+04
1698268358000 1.533005e+04
1698268368000 1.531766e+04
1698268378000 1.529597e+04
1698268388000 1.528279e+04
1698268398000 1.527258e+04
1698268408000 1.527554e+04
1698268418000 1.526434e+04
1698268428000 1.525121e+04
1698268438000 1.526038e+04
1698268448000 1.523524e+04
1698268458000 1.523552e+04
1698268468000 1.521349e+04
1698268478000 1.521347e+04
1698268488000 1.520424e+04
1698268498000 1.518069e+04
1698268508000 1.517637e+04
1698268518000 1.515687e+04
1698268528000 1.514435e+04
1698268538000 1.514310e+04
1698268548000 1.513523e+04
1698268558000 1.511531e+04
1698268568000 1.511068e+04
1698268578000 1.510895e+04
1698268588000 1.508319e+04
1698268598000 1.510488e+04
1698268608000 1.508381e+04
1698268618000 1.506194e+04
1698268628000 1.504883e+04
1698268638000 1.504696e+04
1698268648000 1.502681e+04
1698268658000 1.502548e+04
1698268668000 1.502307e+04
1698268678000 1.500836e+04
1698268688000 1.498691e+04
1698268698000 1.498541e+04
1698268708000 1.498853e+04
1698268718000 1.496447e+04
1698268728000 1.496485e+04
1698268738000 1.495860e+04
1698268748000 1.492923e+04
1698268758000 1.492084e+04
1698268768000 1.492057e+04
1698268778000 1.490447e+04
1698268788000 1.490355e+04
1698268798000 1.488835e+04
1698268808000 1.487136e+04
1698268818000 1.485516e+04
1698268828000 1.486629e+04
1698268838000 1.485355e+04
1698268848000 1.484739e+04
1698268858000 1.483279e+04
1698268868000 1.481297e+04
1698268878000 1.480890e+04
1698268888000 1.479659e+04
1698268898000 1.479340e+04
1698268908000 1.478570e+04
1698268918000 1.478304e+04
1698268928000 1.475873e+04
1698268938000 1.475502e+04
1698268948000 1.476236e+04
1698268958000 1.472745e+04
1698268968000 1.472574e+04
1698268978000 1.471600e+04
1698268988000 1.471518e+04
1698268998000 1.469503e+04
1698269008000 1.468279e+04
1698269018000 1.468455e+04
1698269028000 1.467277e+04
1698269038000 1.465968e+04
1698269048000 1.464941e+04
1698269058000 1.462582e+04
1698269068000 1.464449e+04
1698269078000 1.463400e+04
1698269088000 1.461959e+04
1698269098000 1.460187e+04
1698269108000 1.459302e+04
1698269118000 1.458102e+04
1698269128000 1.458225e+04
1698269138000 1.455606e+04
1698269148000 1.454283e+04
1698269158000 1.454908e+04
1698269168000 1.453628e+04
1698269178000 1.452997e+04
1698269188000 1.452148e+04
1698269198000 1.452169e+04
1698269208000 1.449721e+04
1698269218000 1.448092e+04
1698269228000 1.448767e+04
1698269238000 1.446553e+04
1698269248000 1.444219e+04
1698269258000 1.444561e+04
1698269268000 1.442329e+04
1698269278000 1.442013e+04
1698269288000 1.441910e+04
1698269298000 1.441143e+04
1698269308000 1.439865e+04
1698269318000 1.438724e+04
1698269328000 1.436913e+04
1698269338000 1.436642e+04
1698269348000 1.436644e+04
1698269358000 1.436006e+04
1698269368000 1.433422e+04
1698269378000 1.432172e+04
1698269388000 1.430512e+04
1698269398000 1.429904e+04
1698269408000 1.429317e+04
1698269418000 1.429399e+04
1698269428000 1.427808e+04
1698269438000 1.425941e+04
1698269448000 1.425488e+04
1698269458000 1.426751e+04
1698269468000 1.424644e+04
1698269478000 1.423544e+04
1698269488000 1.421159e+04
1698269498000 1.420994e+04
1698269508000 1.418443e+04
1698269518000 1.418866e+04
1698269528000 1.417133e+04
1698269538000 1.415341e+04
1698269548000 1.413124e+04
1698269558000 1.414475e+04
1698269568000 1.411961e+04
1698269578000 1.410836e+04
1698269588000 1.410463e+04
1698269598000 1.410019e+04
1698269608000 1.409166e+04
1698269618000 1.408124e+04
1698269628000 1.405966e+04
1698269638000 1.405782e+04
1698269648000 1.405183e+04
1698269658000 1.403411e+04
1698269668000 1.403411e+04
1698269678000 1.401189e+04
1698269688000 1.401757e+04
1698269698000 1.400651e+04
1698269708000 1.398752e+04
1698269718000 1.398499e+04
1698269728000 1.397388e+04
1698269738000 1.396565e+04
1698269748000 1.395618e+04
1698269758000 1.394683e+04
1698269768000 1.394516e+04
1698269778000 1.392786e+04
1698269788000 1.391589e+04
1698269798000 1.390813e+04
1698269808000 1.390646e+04
1698269818000 1.389004e+04
1698269828000 1.387936e+04
1698269838000 1.385937e+04
1698269848000 1.385497e+04
1698269858000 1.384363e+04
1698269868000 1.384759e+04
1698269878000 1.385334e+04
1698269888000 1.382351e+04
1698269898000 1.381480e+04
1698269908000 1.382009e+04
1698269918000 1.380548e+04
1698269928000 1.378718e+04
1698269938000 1.378129e+04
1698269948000 1.378306e+04
1698269958000 1.378514e+04
1698269968000 1.377972e+04
1698269978000 1.375687e+04
1698269988000 1.376142e+04
1698269998000 1.374645e+04
1698270008000 1.373460e+04
1698270018000 1.371937e+04
1698270028000 1.371071e+04
1698270038000 1.370123e+04
1698270048000 1.369305e+04
1698270058000 1.367558e+04
1698270068000 1.367514e+04
1698270078000 1.366679e+04
1698270088000 1.366933e+04
1698270098000 1.365479e+04
1698270108000 1.365192e+04
1698270118000 1.365636e+04
1698270128000 1.364129e+04
1698270138000 1.362878e+04
1698270148000 1.363845e+04
1698270158000 1.362184e+04
1698270168000 1.361669e+04
1698270178000 1.359874e+04
1698270188000 1.360711e+04
1698270198000 1.358868e+04
1698270208000 1.358102e+04
1698270218000 1.355306e+04
1698270228000 1.356069e+04
1698270238000 1.355360e+04
1698270248000 1.354759e+04
1698270258000 1.355419e+04
1698270268000 1.354622e+04
1698270278000 1.356208e+04
1698270288000 1.352860e+04
1698270298000 1.351657e+04
1698270308000 1.351227e+04
1698270318000 1.351034e+04
1698270328000 1.350511e+04
1698270338000 1.349336e+04
1698270348000 1.348470e+04
1698270358000 1.347851e+04
1698270368000 1.347208e+04
1698270378000 1.346473e+04
1698270388000 1.346433e+04
1698270398000 1.345134e+04
1698270408000 1.345309e+04
1698270418000 1.344759e+04
1698270428000 1.341618e+04
1698270438000 1.342523e+04
1698270448000 1.341161e+04
1698270458000 1.340531e+04
1698270468000 1.341553e+04
1698270478000 1.338837e+04
1698270488000 1.339213e+04
1698270498000 1.340032e+04
1698270508000 1.337869e+04
1698270518000 1.338174e+04
1698270528000 1.337306e+04
1698270538000 1.336775e+04
1698270548000 1.334769e+04
1698270558000 1.334925e+04
1698270568000 1.335030e+04
1698270578000 1.334540e+04
1698270588000 1.333709e+04
1698270598000 1.331404e+04
1698270608000 1.331833e+04
1698270618000 1.331114e+04
1698270628000 1.329574e+04
1698270638000 1.329508e+04
1698270648000 1.328190e+04
1698270658000 1.327344e+04
1698270668000 1.326613e+04
1698270678000 1.326761e+04
1698270688000 1.323920e+04
1698270698000 1.324892e+04
1698270708000 1.325232e+04
1698270718000 1.325404e+04
1698270728000 1.323102e+04
1698270738000 1.322569e+04
1698270748000 1.322061e+04
1698270758000 1.320277e+04
1698270768000 1.320420e+04
1698270778000 1.319606e+04
1698270788000 1.318861e+04
1698270798000 1.318911e+04
1698270808000 1.318154e+04
1698270818000 1.317723e+04
1698270828000 1.317012e+04
1698270838000 1.316616e+04
1698270848000 1.314653e+04
1698270858000 1.314353e+04
1698270868000 1.315109e+04
1698270878000 1.313178e+04
1698270888000 1.311545e+04
1698270898000 1.312319e+04
1698270908000 1.310607e+04
1698270918000 1.309345e+04
1698270928000 1.308885e+04
1698270938000 1.309249e+04
1698270948000 1.308812e+04
1698270958000 1.307738e+04
1698270968000 1.306501e+04
1698270978000 1.305555e+04
1698270988000 1.306116e+04
1698270998000 1.302960e+04
1698271008000 1.304576e+04
1698271018000 1.302827e+04
1698271028000 1.300910e+04
1698271038000 1.300542e+04
1698271048000 1.299567e+04
1698271058000 1.299461e+04
1698271068000 1.298704e+04
1698271078000 1.297462e+04
1698271088000 1.296112e+04
1698271098000 1.297335e+04
1698271108000 1.297344e+04
1698271118000 1.296574e+04
1698271128000 1.294889e+04
1698271138000 1.296003e+04
1698271148000 1.295101e+04
1698271158000 1.294537e+04
1698271168000 1.294457e+04
1698271178000 1.294241e+04
1698271188000 1.292957e+04
1698271198000 1.290077e+04
1698271208000 1.289529e+04
1698271218000 1.290628e+04
1698271228000 1.288300e+04
1698271238000 1.288414e+04
1698271248000 1.287950e+04
1698271258000 1.286786e+04
1698271268000 1.287224e+04
1698271278000 1.285581e+04
1698271288000 1.285648e+04
1698271298000 1.284109e+04
1698271308000 1.283836e+04
1698271318000 1.283595e+04
1698271328000 1.282255e+04
1698271338000 1.281012e+04
1698271348000 1.280106e+04
1698271358000 1.279825e+04
1698271368000 1.277952e+04
1698271378000 1.278340e+04
1698271388000 1.277339e+04
1698271398000 1.276073e+04
1698271408000 1.275239e+04
1698271418000 1.273496e+04
1698271428000 1.274838e+04
1698271438000 1.273478e+04
1698271448000 1.273286e+04
1698271458000 1.271875e+04
1698271468000 1.272105e+04
1698271478000 1.272766e+04
1698271488000 1.271197e+04
1698271498000 1.270553e+04
1698271508000 1.270442e+04
1698271518000 1.270384e+04
1698271528000 1.269870e+04
1698271538000 1.270195e+04
1698271548000 1.268441e+04
1698271558000 1.267356e+04
1698271568000 1.266695e+04
1698271578000 1.266072e+04
1698271588000 1.265713e+04
1698271598000 1.263830e+04
1698271608000 1.263962e+04
1698271618000 1.262909e+04
1698271628000 1.261770e+04
1698271638000 1.262804e+04
1698271648000 1.260757e+04
1698271658000 1.260586e+04
1698271668000 1.259100e+04
1698271678000 1.259636e+04
1698271688000 1.257653e+04
1698271698000 1.256290e+04
1698271708000 1.254334e+04
1698271718000 1.254511e+04
1698271728000 1.253643e+04
1698271738000 1.254664e+04
1698271748000 1.252439e+04
1698271758000 1.252448e+04
1698271768000 1.251758e+04
1698271778000 1.249996e+04
1698271788000 1.249791e+04
1698271798000 1.249450e+04
1698271808000 1.249722e+04
1698271818000 1.247230e+04
1698271828000 1.249547e+04
1698271838000 1.248086e+04
1698271848000 1.247723e+04
1698271858000 1.246985e+04
1698271868000 1.247612e+04
1698271878000 1.244751e+04
1698271888000 1.245168e+04
1698271898000 1.243751e+04
1698271908000 1.243860e+04
1698271918000 1.243792e+04
1698271928000 1.243013e+04
1698271938000 1.241289e+04
1698271948000 1.241701e+04
1698271958000 1.240645e+04
1698271968000 1.240558e+04
1698271978000 1.238778e+04
1698271988000 1.238129e+04
1698271998000 1.237167e+04
1698272008000 1.237187e+04
1698272018000 1.236242e+04
1698272028000 1.235304e+04
1698272038000 1.234135e+04
1698272048000 1.234655e+04
1698272058000 1.232896e+04
1698272068000 1.232717e+04
1698272078000 1.229956e+04
1698272088000 1.228972e+04
1698272098000 1.229349e+04
1698272108000 1.228803e+04
1698272118000 1.227609e+04
1698272128000 1.227263e+04
1698272138000 1.228159e+04
1698272148000 1.227706e+04
1698272158000 1.226921e+04
1698272168000 1.225920e+04
1698272178000 1.224399e+04
1698272188000 1.223605e+04
1698272198000 1.223781e+04
1698272208000 1.222273e+04
1698272218000 1.220716e+04
1698272228000 1.221895e+04
1698272238000 1.220673e+04
1698272248000 1.220221e+04
1698272258000 1.219679e+04
1698272268000 1.217534e+04
1698272278000 1.217753e+04
1698272288000 1.216754e+04
1698272298000 1.216854e+04
1698272308000 1.216301e+04
1698272318000 1.215528e+04
1698272328000 1.214594e+04
1698272338000 1.214221e+04
1698272348000 1.212721e+04
1698272358000 1.213136e+04
1698272368000 1.212253e+04
1698272378000 1.211472e+04
1698272388000 1.209733e+04
1698272398000 1.209622e+04
1698272408000 1.207938e+04
1698272418000 1.207980e+04
1698272428000 1.207372e+04
1698272438000 1.208303e+04
1698272448000 1.206453e+04
1698272458000 1.205369e+04
1698272468000 1.206506e+04
1698272478000 1.202909e+04
1698272488000 1.205051e+04
1698272498000 1.203075e+04
1698272508000 1.203028e+04
1698272518000 1.202179e+04
1698272528000 1.200849e+04
1698272538000 1.200603e+04
1698272548000 1.201116e+04
1698272558000 1.199818e+04
1698272568000 1.199005e+04
1698272578000 1.198271e+04
1698272588000 1.197428e+04
1698272598000 1.197013e+04
1698272608000 1.196020e+04
1698272618000 1.196775e+04
1698272628000 1.194603e+04
1698272638000 1.194163e+04
1698272648000 1.193201e+04
1698272658000 1.193143e+04
1698272668000 1.193079e+04
1698272678000 1.191800e+04
1698272688000 1.192030e+04
1698272698000 1.190991e+04
1698272708000 1.189316e+04
1698272718000 1.189437e+04
1698272728000 1.189221e+04
1698272738000 1.189265e+04
1698272748000 1.187550e+04
1698272758000 1.186141e+04
1698272768000 1.186487e+04
1698272778000 1.185042e+04
1698272788000 1.183878e+04
1698272798000 1.184750e+04
1698272808000 1.184226e+04
1698272818000 1.183670e+04
1698272828000 1.182992e+04
1698272838000 1.181839e+04
1698272848000 1.181953e+04
1698272858000 1.181753e+04
1698272868000 1.180651e+04
1698272878000 1.179422e+04
1698272888000 1.178624e+04
1698272898000 1.179115e+04
1698272908000 1.177790e+04
1698272918000 1.176861e+04
1698272928000 1.176663e+04
1698272938000 1.175881e+04
1698272948000 1.173936e+04
1698272958000 1.174257e+04
1698272968000 1.173017e+04
1698272978000 1.173053e+04
1698272988000 1.171443e+04
1698272998000 1.172363e+04
1698273008000 1.170549e+04
1698273018000 1.170156e+04
1698273028000 1.170272e+04
1698273038000 1.168174e+04
1698273048000 1.167632e+04
1698273058000 1.167011e+04
1698273068000 1.166840e+04
1698273078000 1.165491e+04
1698273088000 1.163671e+04
1698273098000 1.164162e+04
1698273108000 1.164492e+04
1698273118000 1.164177e+04
1698273128000 1.163140e+04
1698273138000 1.162565e+04
1698273148000 1.160857e+04
1698273158000 1.160303e+04
1698273168000 1.161187e+04
1698273178000 1.160790e+04
1698273188000 1.159498e+04
1698273198000 1.158651e+04
1698273208000 1.156409e+04
1698273218000 1.155586e+04
1698273228000 1.155562e+04
1698273238000 1.155349e+04
1698273248000 1.154279e+04
1698273258000 1.153991e+04
1698273268000 1.152596e+04
1698273278000 1.152381e+04
1698273288000 1.152108e+04
1698273298000 1.151508e+04
1698273308000 1.150851e+04
1698273318000 1.150988e+04
1698273328000 1.150238e+04
1698273338000 1.148428e+04
1698273348000 1.148125e+04
1698273358000 1.147684e+04
1698273368000 1.145876e+04
1698273378000 1.147569e+04
1698273388000 1.144404e+04
1698273398000 1.144887e+04
1698273408000 1.143235e+04
1698273418000 1.143107e+04
1698273428000 1.141993e+04
1698273438000 1.141664e+04
1698273448000 1.142169e+04
1698273458000 1.140854e+04
1698273468000 1.139411e+04
1698273478000 1.138801e+04
1698273488000 1.138647e+04
1698273498000 1.137571e+04
1698273508000 1.136781e+04
1698273518000 1.136877e+04
1698273528000 1.135922e+04
1698273538000 1.136037e+04
1698273548000 1.134182e+04
1698273558000 1.132555e+04
1698273568000 1.133331e+04
1698273578000 1.133251e+04
1698273588000 1.130968e+04
1698273598000 1.131057e+04
1698273608000 1.130576e+04
1698273618000 1.129050e+04
1698273628000 1.128964e+04
1698273638000 1.127926e+04
1698273648000 1.129014e+04
1698273658000 1.126150e+04
1698273668000 1.126494e+04
1698273678000 1.125415e+04
1698273688000 1.124751e+04
1698273698000 1.123510e+04
1698273708000 1.124149e+04
1698273718000 1.123396e+04
1698273728000 1.121741e+04
1698273738000 1.120854e+04
1698273748000 1.120847e+04
1698273758000 1.119629e+04
1698273768000 1.119693e+04
1698273778000 1.118922e+04
1698273788000 1.118664e+04
1698273798000 1.116879e+04
1698273808000 1.117081e+04
1698273818000 1.116892e+04
1698273828000 1.116146e+04
1698273838000 1.115059e+04
1698273848000 1.114722e+04
1698273858000 1.113716e+04
1698273868000 1.113701e+04
1698273878000 1.113079e+04
1698273888000 1.112743e+04
1698273898000 1.111531e+04
1698273908000 1.111361e+04
1698273918000 1.111815e+04
1698273928000 1.109937e+04
1698273938000 1.110217e+04
1698273948000 1.109454e+04
1698273958000 1.109252e+04
1698273968000 1.108284e+04
1698273978000 1.108777e+04
1698273988000 1.107848e+04
1698273998000 1.107223e+04
1698274008000 1.105531e+04
1698274018000 1.106076e+04
1698274028000 1.106053e+04
1698274038000 1.104861e+04
1698274048000 1.105167e+04
1698274058000 1.104177e+04
1698274068000 1.102448e+04
1698274078000 1.102251e+04
1698274088000 1.102908e+04
1698274098000 1.101168e+04
1698274108000 1.101938e+04
1698274118000 1.101246e+04
1698274128000 1.100240e+04
1698274138000 1.101056e+04
1698274148000 1.100666e+04
1698274158000 1.099504e+04
1698274168000 1.098957e+04
1698274178000 1.098097e+04
1698274188000 1.097218e+04
1698274198000 1.097807e+04
1698274208000 1.096253e+04
1698274218000 1.095944e+04
1698274228000 1.096077e+04
1698274238000 1.094697e+04
1698274248000 1.095736e+04
1698274258000 1.094191e+04
1698274268000 1.094093e+04
1698274278000 1.092852e+04
1698274288000 1.092777e+04
1698274298000 1.092941e+04
1698274308000 1.092133e+04
1698274318000 1.090809e+04
1698274328000 1.090850e+04
1698274338000 1.089678e+04
1698274348000 1.090137e+04
1698274358000 1.089488e+04
1698274368000 1.089074e+04
1698274378000 1.087811e+04
1698274388000 1.087071e+04
1698274398000 1.087706e+04
1698274408000 1.088049e+04
1698274418000 1.086480e+04
1698274428000 1.086199e+04
1698274438000 1.085455e+04
1698274448000 1.085086e+04
1698274458000 1.085459e+04
1698274468000 1.084717e+04
1698274478000 1.082052e+04
1698274488000 1.081033e+04
1698274498000 1.082080e+04
1698274508000 1.081200e+04
1698274518000 1.081157e+04
1698274528000 1.078861e+04
1698274538000 1.079052e+04
1698274548000 1.078790e+04
1698274558000 1.079419e+04
1698274568000 1.077257e+04
1698274578000 1.077576e+04
1698274588000 1.077430e+04
1698274598000 1.076601e+04
1698274608000 1.076400e+04
1698274618000 1.076612e+04
1698274628000 1.074939e+04
1698274638000 1.074626e+04
1698274648000 1.074656e+04
1698274658000 1.072920e+04
1698274668000 1.073584e+04
1698274678000 1.073128e+04
1698274688000 1.071961e+04
1698274698000 1.071571e+04
1698274708000 1.070957e+04
1698274718000 1.071709e+04
1698274728000 1.070638e+04
1698274738000 1.069981e+04
1698274748000 1.068865e+04
1698274758000 1.068719e+04
1698274768000 1.068343e+04
1698274778000 1.067429e+04
1698274788000 1.066780e+04
1698274798000 1.066309e+04
1698274808000 1.065130e+04
1698274818000 1.064154e+04
1698274828000 1.065041e+04
1698274838000 1.064324e+04
1698274848000 1.063547e+04
1698274858000 1.063470e+04
1698274868000 1.063763e+04
1698274878000 1.062339e+04
1698274888000 1.062385e+04
1698274898000 1.061337e+04
1698274908000 1.060145e+04
1698274918000 1.059719e+04
1698274928000 1.058849e+04
1698274938000 1.058264e+04
1698274948000 1.058199e+04
1698274958000 1.057496e+04
1698274968000 1.057042e+04
1698274978000 1.056549e+04
1698274988000 1.057816e+04
1698274998000 1.055409e+04
1698275008000 1.055353e+04
1698275018000 1.054730e+04
1698275028000 1.052887e+04
1698275038000 1.051956e+04
1698275048000 1.052965e+04
1698275058000 1.053140e+04
1698275068000 1.053024e+04
1698275078000 1.052077e+04
1698275088000 1.050786e+04
1698275098000 1.050074e+04
1698275108000 1.049723e+04
1698275118000 1.048968e+04
1698275128000 1.049318e+04
1698275138000 1.048876e+04
1698275148000 1.047772e+04
1698275158000 1.047248e+04
1698275168000 1.047099e+04
1698275178000 1.045996e+04
1698275188000 1.045156e+04
1698275198000 1.044728e+04
1698275208000 1.045553e+04
1698275218000 1.043550e+04
1698275228000 1.044254e+04
1698275238000 1.042902e+04
1698275248000 1.043774e+04
1698275258000 1.042878e+04
1698275268000 1.040844e+04
1698275278000 1.041956e+04
1698275288000 1.041173e+04
1698275298000 1.039711e+04
1698275308000 1.039735e+04
1698275318000 1.039408e+04
1698275328000 1.038432e+04
1698275338000 1.038415e+04
1698275348000 1.037020e+04
1698275358000 1.038405e+04
1698275368000 1.036665e+04
1698275378000 1.035429e+04
1698275388000 1.034620e+04
1698275398000 1.035304e+04
1698275408000 1.034995e+04
1698275418000 1.034364e+04
1698275428000 1.034311e+04
1698275438000 1.033073e+04
1698275448000 1.032336e+04
1698275458000 1.032183e+04
1698275468000 1.032873e+04
1698275478000 1.030425e+04
1698275488000 1.029801e+04
1698275498000 1.028273e+04
1698275508000 1.029031e+04
1698275518000 1.028036e+04
1698275528000 1.027171e+04
1698275538000 1.026459e+04
1698275548000 1.026570e+04
1698275558000 1.025592e+04
1698275568000 1.025041e+04
1698275578000 1.025348e+04
1698275588000 1.024848e+04
1698275598000 1.025294e+04
1698275608000 1.023710e+04
1698275618000 1.023452e+04
1698275628000 1.022091e+04
1698275638000 1.022640e+04
1698275648000 1.021300e+04
1698275658000 1.019641e+04
1698275668000 1.019966e+04
1698275678000 1.019267e+04
1698275688000 1.019417e+04
1698275698000 1.019155e+04
1698275708000 1.018041e+04
1698275718000 1.018576e+04
1698275728000 1.016269e+04
1698275738000 1.016909e+04
1698275748000 1.016628e+04
1698275758000 1.015517e+04
1698275768000 1.015559e+04
1698275778000 1.014951e+04
1698275788000 1.015341e+04
1698275798000 1.014872e+04
1698275808000 1.013672e+04
1698275818000 1.012328e+04
1698275828000 1.011574e+04
1698275838000 1.011673e+04
1698275848000 1.010227e+04
1698275858000 1.010696e+04
1698275868000 1.010773e+04
1698275878000 1.008327e+04
1698275888000 1.008630e+04
1698275898000 1.007782e+04
1698275908000 1.008283e+04
1698275918000 1.006040e+04
1698275928000 1.006710e+04
1698275938000 1.005768e+04
1698275948000 1.004858e+04
1698275958000 1.005325e+04
1698275968000 1.004691e+04
1698275978000 1.002768e+04
1698275988000 1.002683e+04
1698275998000 1.002751e+04
1698276008000 1.002894e+04
1698276018000 1.002066e+04
1698276028000 1.001822e+04
1698276038000 1.000364e+04
1698276048000 1.001050e+04
1698276058000 9.993556e+03
1698276068000 9.994650e+03
1698276078000 9.990159e+03
1698276088000 9.989757e+03
1698276098000 9.987495e+03
1698276108000 9.986453e+03
1698276118000 9.968481e+03
1698276128000 9.970106e+03
1698276138000 9.960003e+03
1698276148000 9.956236e+03
1698276158000 9.950284e+03
1698276168000 9.940375e+03
1698276178000 9.938519e+03
1698276188000 9.945338e+03
1698276198000 9.944636e+03
1698276208000 9.930397e+03
1698276218000 9.925013e+03
1698276228000 9.907937e+03
1698276238000 9.908727e+03
1698276248000 9.911288e+03
1698276258000 9.903770e+03
1698276268000 9.912852e+03
1698276278000 9.904742e+03
1698276288000 9.906589e+03
1698276298000 9.885854e+03
1698276308000 9.872763e+03
1698276318000 9.871041e+03
1698276328000 9.875887e+03
1698276338000 9.868689e+03
1698276348000 9.862440e+03
1698276358000 9.858176e+03
1698276368000 9.850196e+03
1698276378000 9.853215e+03
1698276388000 9.844016e+03
1698276398000 9.836248e+03
1698276408000 9.836096e+03
1698276418000 9.827194e+03
1698276428000 9.813510e+03
1698276438000 9.815714e+03
1698276448000 9.814241e+03
1698276458000 9.807604e+03
1698276468000 9.812725e+03
1698276478000 9.812725e+03
1698276488000 9.791930e+03
1698276498000 9.787721e+03
1698276508000 9.789470e+03
1698276518000 9.781552e+03
1698276528000 9.774015e+03
1698276538000 9.762611e+03
1698276548000 9.758245e+03
1698276558000 9.757832e+03
1698276568000 9.746529e+03
1698276578000 9.744474e+03
1698276588000 9.752078e+03
1698276598000 9.744494e+03
1698276608000 9.729526e+03
1698276618000 9.738146e+03
1698276628000 9.722917e+03
1698276638000 9.707665e+03
1698276648000 9.726284e+03
1698276658000 9.703781e+03
1698276668000 9.698338e+03
1698276678000 9.703668e+03
1698276688000 9.684701e+03
1698276698000 9.678372e+03
1698276708000 9.678869e+03
1698276718000 9.680712e+03
1698276728000 9.666432e+03
1698276738000 9.661106e+03
1698276748000 9.653091e+03
1698276758000 9.666090e+03
1698276768000 9.646554e+03
1698276778000 9.645759e+03
1698276788000 9.635641e+03
1698276798000 9.636506e+03
1698276808000 9.621072e+03
1698276818000 9.620164e+03
1698276828000 9.613356e+03
1698276838000 9.607480e+03
1698276848000 9.605508e+03
1698276858000 9.613464e+03
1698276868000 9.602087e+03
1698276878000 9.590492e+03
1698276888000 9.589549e+03
1698276898000 9.583420e+03
1698276908000 9.589488e+03
1698276918000 9.573803e+03
1698276928000 9.569973e+03
1698276938000 9.566988e+03
1698276948000 9.550628e+03
1698276958000 9.554714e+03
1698276968000 9.554192e+03
1698276978000 9.538933e+03
1698276988000 9.540627e+03
1698276998000 9.530178e+03
1698277008000 9.527505e+03
1698277018000 9.523442e+03
1698277028000 9.523863e+03
1698277038000 9.521941e+03
1698277048000 9.519014e+03
1698277058000 9.527393e+03
1698277068000 9.506046e+03
1698277078000 9.501717e+03
1698277088000 9.497953e+03
1698277098000 9.491213e+03
1698277108000 9.498253e+03
1698277118000 9.481403e+03
1698277128000 9.482335e+03
1698277138000 9.473469e+03
1698277148000 9.462390e+03
1698277158000 9.466253e+03
1698277168000 9.460551e+03
1698277178000 9.458211e+03
1698277188000 9.460825e+03
1698277198000 9.458255e+03
1698277208000 9.447810e+03
1698277218000 9.446515e+03
1698277228000 9.436302e+03
1698277238000 9.443528e+03
1698277248000 9.435898e+03
1698277258000 9.424416e+03
1698277268000 9.417365e+03
1698277278000 9.418098e+03
1698277288000 9.400386e+03
1698277298000 9.412216e+03
1698277308000 9.405421e+03
1698277318000 9.405538e+03
1698277328000 9.388926e+03
1698277338000 9.392444e+03
1698277348000 9.390593e+03
1698277358000 9.383253e+03
1698277368000 9.381869e+03
1698277378000 9.375306e+03
1698277388000 9.376674e+03
1698277398000 9.365256e+03
1698277408000 9.367189e+03
1698277418000 9.364348e+03
1698277428000 9.357719e+03
1698277438000 9.345017e+03
1698277448000 9.353713e+03
1698277458000 9.334408e+03
1698277468000 9.337225e+03
1698277478000 9.334528e+03
1698277488000 9.346615e+03
1698277498000 9.324180e+03
1698277508000 9.314299e+03
1698277518000 9.306819e+03
1698277528000 9.317231e+03
1698277538000 9.310802e+03
1698277548000 9.298201e+03
1698277558000 9.297367e+03
1698277568000 9.299596e+03
1698277578000 9.294066e+03
1698277588000 9.291240e+03
1698277598000 9.281629e+03
1698277608000 9.285118e+03
1698277618000 9.289583e+03
1698277628000 9.270827e+03
1698277638000 9.264508e+03
1698277648000 9.258895e+03
1698277658000 9.264020e+03
1698277668000 9.235172e+03
1698277678000 9.234971e+03
1698277688000 9.248895e+03
1698277698000 9.249047e+03
1698277708000 9.225826e+03
1698277718000 9.223353e+03
1698277728000 9.221973e+03
1698277738000 9.221234e+03
1698277748000 9.225389e+03
1698277758000 9.217012e+03
1698277768000 9.204925e+03
1698277778000 9.210477e+03
1698277788000 9.205557e+03
1698277798000 9.190975e+03
1698277808000 9.186999e+03
1698277818000 9.183889e+03
1698277828000 9.186230e+03
1698277838000 9.175680e+03
1698277848000 9.166054e+03
1698277858000 9.170064e+03
1698277868000 9.160146e+03
1698277878000 9.159958e+03
1698277888000 9.149759e+03
1698277898000 9.155699e+03
1698277908000 9.137630e+03
1698277918000 9.142456e+03
1698277928000 9.152360e+03
1698277938000 9.126181e+03
1698277948000 9.129256e+03
1698277958000 9.121610e+03
1698277968000 9.128864e+03
1698277978000 9.113753e+03
1698277988000 9.102609e+03
1698277998000 9.115914e+03
1698278008000 9.100664e+03
1698278018000 9.098658e+03
1698278028000 9.097097e+03
1698278038000 9.085654e+03
1698278048000 9.080331e+03
1698278058000 9.074991e+03
1698278068000 9.076598e+03
1698278078000 9.072705e+03
1698278088000 9.061905e+03
1698278098000 9.063180e+03
1698278108000 9.056120e+03
1698278118000 9.055781e+03
1698278128000 9.052063e+03
1698278138000 9.048517e+03
1698278148000 9.051356e+03
1698278158000 9.028921e+03
1698278168000 9.035219e+03
1698278178000 9.026641e+03
1698278188000 9.030470e+03
1698278198000 9.016805e+03
1698278208000 9.013963e+03
1698278218000 9.016565e+03
1698278228000 8.994550e+03
1698278238000 9.002145e+03
1698278248000 8.996636e+03
1698278258000 8.994522e+03
1698278268000 8.986753e+03
1698278278000 8.976072e+03
1698278288000 8.989672e+03
1698278298000 8.980170e+03
1698278308000 8.970644e+03
1698278318000 8.961697e+03
1698278328000 8.969300e+03
1698278338000 8.960781e+03
1698278348000 8.947637e+03
1698278358000 8.948861e+03
1698278368000 8.945897e+03
1698278378000 8.953337e+03
1698278388000 8.926699e+03
1698278398000 8.918938e+03
1698278408000 8.921408e+03
1698278418000 8.908450e+03
1698278428000 8.929048e+03
1698278438000 8.914323e+03
1698278448000 8.913323e+03
1698278458000 8.920363e+03
1698278468000 8.903599e+03
1698278478000 8.902759e+03
1698278488000 8.895756e+03
1698278498000 8.890149e+03
1698278508000 8.888575e+03
1698278518000 8.880210e+03
1698278528000 8.874035e+03
1698278538000 8.864345e+03
1698278548000 8.864818e+03
1698278558000 8.870166e+03
1698278568000 8.858541e+03
1698278578000 8.850868e+03
1698278588000 8.847180e+03
1698278598000 8.847638e+03
1698278608000 8.838607e+03
1698278618000 8.838692e+03
1698278628000 8.832733e+03
1698278638000 8.845507e+03
1698278648000 8.829237e+03
1698278658000 8.825580e+03
1698278668000 8.826339e+03
1698278678000 8.807328e+03
1698278688000 8.802184e+03
1698278698000 8.813644e+03
1698278708000 8.805521e+03
1698278718000 8.811978e+03
1698278728000 8.793189e+03
1698278738000 8.798841e+03
1698278748000 8.792831e+03
1698278758000 8.784778e+03
1698278768000 8.792829e+03
1698278778000 8.779404e+03
1698278788000 8.771383e+03
1698278798000 8.775550e+03
1698278808000 8.778266e+03
1698278818000 8.761766e+03
1698278828000 8.774482e+03
1698278838000 8.761973e+03
1698278848000 8.765131e+03
1698278858000 8.757263e+03
1698278868000 8.750922e+03
1698278878000 8.735896e+03
1698278888000 8.737562e+03
1698278898000 8.743634e+03
1698278908000 8.738466e+03
1698278918000 8.731876e+03
1698278928000 8.719699e+03
1698278938000 8.716695e+03
1698278948000 8.715184e+03
1698278958000 8.716876e+03
1698278968000 8.694785e+03
1698278978000 8.698573e+03
1698278988000 8.695027e+03
1698278998000 8.704105e+03
1698279008000 8.699739e+03
1698279018000 8.688623e+03
1698279028000 8.683360e+03
1698279038000 8.691844e+03
1698279048000 8.674097e+03
1698279058000 8.675115e+03
1698279068000 8.665126e+03
1698279078000 8.657192e+03
1698279088000 8.656369e+03
1698279098000 8.646919e+03
1698279108000 8.639649e+03
1698279118000 8.636392e+03
1698279128000 8.649344e+03
1698279138000 8.644248e+03
1698279148000 8.645995e+03
1698279158000 8.647490e+03
1698279168000 8.638924e+03
1698279178000 8.633136e+03
1698279188000 8.639094e+03
1698279198000 8.629750e+03
1698279208000 8.617582e+03
1698279218000 8.617446e+03
1698279228000 8.623016e+03
1698279238000 8.597439e+03
1698279248000 8.610506e+03
1698279258000 8.606810e+03
1698279268000 8.599934e+03
1698279278000 8.592377e+03
1698279288000 8.588055e+03
1698279298000 8.601958e+03
1698279308000 8.593333e+03
1698279318000 8.589087e+03
1698279328000 8.577054e+03
1698279338000 8.576220e+03
1698279348000 8.560956e+03
1698279358000 8.574969e+03
1698279368000 8.552870e+03
1698279378000 8.560419e+03
1698279388000 8.552865e+03
1698279398000 8.553112e+03
1698279408000 8.543412e+03
1698279418000 8.528995e+03
1698279428000 8.545094e+03
1698279438000 8.530666e+03
1698279448000 8.535877e+03
1698279458000 8.527454e+03
1698279468000 8.515469e+03
1698279478000 8.516789e+03
1698279488000 8.510797e+03
1698279498000 8.507789e+03
1698279508000 8.516232e+03
1698279518000 8.501803e+03
1698279528000 8.500648e+03
1698279538000 8.492145e+03
1698279548000 8.501175e+03
1698279558000 8.495067e+03
1698279568000 8.482886e+03
1698279578000 8.487896e+03
1698279588000 8.479871e+03
1698279598000 8.475228e+03
1698279608000 8.479524e+03
1698279618000 8.463320e+03
1698279628000 8.473568e+03
1698279638000 8.461459e+03
1698279648000 8.447429e+03
1698279658000 8.453124e+03
1698279668000 8.455076e+03
1698279678000 8.445684e+03
1698279688000 8.451327e+03
1698279698000 8.442080e+03
1698279708000 8.442529e+03
1698279718000 8.437147e+03
1698279728000 8.441459e+03
1698279738000 8.423903e+03
1698279748000 8.428856e+03
1698279758000 8.427203e+03
1698279768000 8.420335e+03
1698279778000 8.413318e+03
1698279788000 8.418262e+03
1698279798000 8.409453e+03
1698279808000 8.404583e+03
1698279818000 8.401720e+03
1698279828000 8.400040e+03
1698279838000 8.396148e+03
1698279848000 8.390646e+03
1698279858000 8.384801e+03
1698279868000 8.384825e+03
1698279878000 8.378862e+03
1698279888000 8.376862e+03
1698279898000 8.374802e+03
1698279908000 8.379647e+03
1698279918000 8.385683e+03
1698279928000 8.378465e+03
1698279938000 8.347308e+03
1698279948000 8.358263e+03
1698279958000 8.361305e+03
1698279968000 8.351878e+03
1698279978000 8.355523e+03
1698279988000 4.622403e+03
