# timestamp_ms interaction_rate
1698445295000 8.400552e+03
1698445305000 8.515934e+03
1698445315000 8.517143e+03
1698445325000 8.500234e+03
1698445335000 8.503339e+03
1698445345000 8.499539e+03
1698445355000 8.492808e+03
1698445365000 8.490281e+03
1698445375000 8.469554e+03
1698445385000 8.472616e+03
1698445395000 8.484342e+03
1698445405000 8.471480e+03
1698445415000 8.477406e+03
1698445425000 8.457123e+03
1698445435000 8.450634e+03
1698445445000 8.445835e+03
1698445455000 8.444176e+03
1698445465000 8.436462e+03
1698445475000 8.441936e+03
1698445485000 8.428382e+03
1698445495000 8.430098e+03
1698445505000 8.422727e+03
1698445515000 8.422505e+03
1698445525000 8.419005e+03
1698445535000 8.402629e+03
1698445545000 8.415558e+03
1698445555000 8.396137e+03
1698445565000 8.409615e+03
1698445575000 8.394524e+03
1698445585000 8.398046e+03
1698445595000 8.396836e+03
1698445605000 8.387770e+03
1698445615000 8.379460e+03
1698445625000 8.377677e+03
1698445635000 8.371494e+03
1698445645000 8.361379e+03
1698445655000 8.364393e+03
1698445665000 8.354536e+03
1698445675000 8.367353e+03
1698445685000 8.352480e+03
1698445695000 8.343678e+03
1698445705000 8.331785e+03
1698445715000 8.335907e+03
1698445725000 8.329358e+03
1698445735000 8.336290e+03
1698445745000 8.329155e+03
1698445755000 8.320018e+03
1698445765000 8.321275e+03
1698445775000 8.312048e+03
1698445785000 8.305024e+03
1698445795000 8.313245e+03
1698445805000 8.299229e+03
1698445815000 8.298336e+03
1698445825000 8.288311e+03
1698445835000 8.287424e+03
1698445845000 8.285486e+03
1698445855000 8.285221e+03
1698445865000 8.286802e+03
1698445875000 8.277402e+03
1698445885000 8.278647e+03
1698445895000 8.261093e+03
1698445905000 8.268864e+03
1698445915000 8.270303e+03
1698445925000 8.263480e+03
1698445935000 8.254908e+03
1698445945000 8.258532e+03
1698445955000 8.259174e+03
1698445965000 8.248341e+03
1698445975000 8.252760e+03
1698445985000 8.245158e+03
1698445995000 8.237362e+03
1698446005000 8.239349e+03
1698446015000 8.243300e+03
1698446025000 8.228960e+03
1698446035000 8.231689e+03
1698446045000 8.229616e+03
1698446055000 8.226195e+03
1698446065000 8.209491e+03
1698446075000 8.221023e+03
1698446085000 8.203745e+03
1698446095000 8.208809e+03
1698446105000 8.202515e+03
1698446115000 8.200833e+03
1698446125000 8.190758e+03
1698446135000 8.194788e+03
1698446145000 8.178901e+03
1698446155000 8.187496e+03
1698446165000 8.181985e+03
1698446175000 8.184127e+03
1698446185000 8.182683e+03
1698446195000 8.160981e+03
1698446205000 8.166488e+03
1698446215000 8.166763e+03
1698446225000 8.152655e+03
1698446235000 8.148049e+03
1698446245000 8.145097e+03
1698446255000 8.135789e+03
1698446265000 8.145264e+03
1698446275000 8.132365e+03
1698446285000 8.126774e+03
1698446295000 8.127593e+03
1698446305000 8.125646e+03
1698446315000 8.115149e+03
1698446325000 8.111549e+03
1698446335000 8.113304e+03
1698446345000 8.104524e+03
1698446355000 8.111594e+03
1698446365000 8.092846e+03
1698446375000 8.086780e+03
1698446385000 8.094411e+03
1698446395000 8.088586e+03
1698446405000 8.079380e+03
1698446415000 8.082333e+03
1698446425000 8.080374e+03
1698446435000 8.074135e+03
1698446445000 8.076587e+03
1698446455000 8.073985e+03
1698446465000 8.060239e+03
1698446475000 8.056732e+03
1698446485000 8.054698e+03
1698446495000 8.049424e+03
1698446505000 8.050764e+03
1698446515000 8.054874e+03
1698446525000 8.044866e+03
1698446535000 8.040737e+03
1698446545000 8.035195e+03
1698446555000 8.035342e+03
1698446565000 8.036389e+03
1698446575000 8.019259e+03
1698446585000 8.015157e+03
1698446595000 8.016471e+03
1698446605000 8.016463e+03
1698446615000 8.010296e+03
1698446625000 8.007877e+03
1698446635000 7.988039e+03
1698446645000 7.995156e+03
1698446655000 7.983584e+03
1698446665000 7.994916e+03
1698446675000 7.988433e+03
1698446685000 7.987102e+03
1698446695000 7.976345e+03
1698446705000 7.970716e+03
1698446715000 7.968721e+03
1698446725000 7.963538e+03
1698446735000 7.955442e+03
1698446745000 7.963258e+03
1698446755000 7.962732e+03
1698446765000 7.946524e+03
1698446775000 7.945549e+03
1698446785000 7.949941e+03
1698446795000 7.942319e+03
1698446805000 7.930730e+03
1698446815000 7.931132e+03
1698446825000 7.922711e+03
1698446835000 7.930989e+03
1698446845000 7.923996e+03
1698446855000 7.922033e+03
1698446865000 7.921940e+03
1698446875000 7.922972e+03
1698446885000 7.914931e+03
1698446895000 7.904544e+03
1698446905000 7.895536e+03
1698446915000 7.893525e+03
1698446925000 7.893101e+03
1698446935000 7.896198e+03
1698446945000 7.888329e+03
1698446955000 7.887041e+03
1698446965000 7.888713e+03
1698446975000 7.878804e+03
1698446985000 7.868419e+03
1698446995000 7.868717e+03
1698447005000 7.862669e+03
1698447015000 7.875740e+03
1698447025000 7.855177e+03
1698447035000 7.854506e+03
1698447045000 7.852818e+03
1698447055000 7.852270e+03
1698447065000 7.850611e+03
1698447075000 7.841343e+03
1698447085000 7.842996e+03
1698447095000 7.837345e+03
1698447105000 7.834592e+03
1698447115000 7.831834e+03
1698447125000 7.814781e+03
1698447135000 7.824891e+03
1698447145000 7.817378e+03
1698447155000 7.821773e+03
1698447165000 7.811561e+03
1698447175000 7.806493e+03
1698447185000 7.797648e+03
1698447195000 7.799207e+03
1698447205000 7.804069e+03
1698447215000 7.801450e+03
1698447225000 7.798580e+03
1698447235000 7.787957e+03
1698447245000 7.789478e+03
1698447255000 7.782645e+03
1698447265000 7.774851e+03
1698447275000 7.788185e+03
1698447285000 7.770524e+03
1698447295000 7.767588e+03
1698447305000 7.764413e+03
1698447315000 7.774890e+03
1698447325000 7.764306e+03
1698447335000 7.759536e+03
1698447345000 7.758929e+03
1698447355000 7.756780e+03
1698447365000 7.737882e+03
1698447375000 7.744970e+03
1698447385000 7.750067e+03
1698447395000 7.734919e+03
1698447405000 7.736404e+03
1698447415000 7.731785e+03
1698447425000 7.727479e+03
1698447435000 7.720655e+03
1698447445000 7.720402e+03
1698447455000 7.723565e+03
1698447465000 7.717181e+03
1698447475000 7.719488e+03
1698447485000 7.699968e+03
1698447495000 7.708745e+03
1698447505000 7.714330e+03
1698447515000 7.697641e+03
1698447525000 7.689692e+03
1698447535000 7.695056e+03
1698447545000 7.685569e+03
1698447555000 7.680169e+03
1698447565000 7.689238e+03
1698447575000 7.680362e+03
1698447585000 7.681970e+03
1698447595000 7.673273e+03
1698447605000 7.666082e+03
1698447615000 7.664364e+03
1698447625000 7.661932e+03
1698447635000 7.665748e+03
1698447645000 7.647338e+03
1698447655000 7.661643e+03
1698447665000 7.653162e+03
1698447675000 7.645481e+03
1698447685000 7.653095e+03
1698447695000 7.644509e+03
1698447705000 7.639035e+03
1698447715000 7.637812e+03
1698447725000 7.626370e+03
1698447735000 7.636349e+03
1698447745000 7.621370e+03
1698447755000 7.621094e+03
1698447765000 7.610619e+03
1698447775000 7.598545e+03
1698447785000 7.604631e+03
1698447795000 7.603072e+03
1698447805000 7.602191e+03
1698447815000 7.600990e+03
1698447825000 7.598209e+03
1698447835000 7.588999e+03
1698447845000 7.585123e+03
1698447855000 7.578671e+03
1698447865000 7.585121e+03
1698447875000 7.574455e+03
1698447885000 7.586568e+03
1698447895000 7.573369e+03
1698447905000 7.574263e+03
1698447915000 7.574729e+03
1698447925000 7.565673e+03
1698447935000 7.559285e+03
1698447945000 7.557505e+03
1698447955000 7.549242e+03
1698447965000 7.532210e+03
1698447975000 7.530151e+03
1698447985000 7.539262e+03
1698447995000 7.543677e+03
1698448005000 7.540096e+03
1698448015000 7.525623e+03
1698448025000 7.529362e+03
1698448035000 7.530105e+03
1698448045000 7.522577e+03
1698448055000 7.533047e+03
1698448065000 7.510813e+03
1698448075000 7.511587e+03
1698448085000 7.521149e+03
1698448095000 7.520547e+03
1698448105000 7.508282e+03
1698448115000 7.507290e+03
1698448125000 7.490914e+03
1698448135000 7.494323e+03
1698448145000 7.498712e+03
1698448155000 7.495844e+03
1698448165000 7.482645e+03
1698448175000 7.484742e+03
1698448185000 7.485530e+03
1698448195000 7.477418e+03
1698448205000 7.493317e+03
1698448215000 7.484076e+03
1698448225000 7.484293e+03
1698448235000 7.470413e+03
1698448245000 7.457457e+03
1698448255000 7.465113e+03
1698448265000 7.455561e+03
1698448275000 7.466954e+03
1698448285000 7.455062e+03
1698448295000 7.471324e+03
1698448305000 7.456476e+03
1698448315000 7.456016e+03
1698448325000 7.446606e+03
1698448335000 7.440922e+03
1698448345000 7.451084e+03
1698448355000 7.437572e+03
1698448365000 7.436914e+03
1698448375000 7.439071e+03
1698448385000 7.439835e+03
1698448395000 7.434496e+03
1698448405000 7.431449e+03
1698448415000 7.432100e+03
1698448425000 7.413183e+03
1698448435000 7.423030e+03
1698448445000 7.423177e+03
1698448455000 7.416430e+03
1698448465000 7.414714e+03
1698448475000 7.412408e+03
1698448485000 7.408948e+03
1698448495000 7.406021e+03
1698448505000 7.403555e+03
1698448515000 7.404769e+03
1698448525000 7.403365e+03
1698448535000 7.398023e+03
1698448545000 7.399947e+03
1698448555000 7.393930e+03
1698448565000 7.388075e+03
1698448575000 7.386984e+03
1698448585000 7.387634e+03
1698448595000 7.387229e+03
1698448605000 7.369625e+03
1698448615000 7.381843e+03
1698448625000 7.381460e+03
1698448635000 7.382763e+03
1698448645000 7.370940e+03
1698448655000 7.367582e+03
1698448665000 7.359983e+03
1698448675000 7.363275e+03
1698448685000 7.360637e+03
1698448695000 7.359929e+03
1698448705000 7.355018e+03
1698448715000 7.359163e+03
1698448725000 7.352339e+03
1698448735000 7.351212e+03
1698448745000 7.347702e+03
1698448755000 7.348603e+03
1698448765000 7.339639e+03
1698448775000 7.337442e+03
1698448785000 7.336589e+03
1698448795000 7.341611e+03
1698448805000 7.338371e+03
1698448815000 7.325237e+03
1698448825000 7.331057e+03
1698448835000 7.321619e+03
1698448845000 7.325040e+03
1698448855000 7.321089e+03
1698448865000 7.321756e+03
1698448875000 7.317212e+03
1698448885000 7.308333e+03
1698448895000 7.309092e+03
1698448905000 7.304436e+03
1698448915000 7.295219e+03
1698448925000 7.311013e+03
1698448935000 7.304524e+03
1698448945000 7.303180e+03
1698448955000 7.287036e+03
1698448965000 7.291507e+03
1698448975000 7.135494e+03
1698448978000 7.135494e+03
